   5.4705363e+00   2.2664884e+00   3.0777632e+00   7.5712108e-01   3.5887028e-01   4.4540301e-01   4.0837198e-01   1.4070529e-01   1.9694639e-01   2.2270150e-01
   4.1017858e+00   4.4365220e+00   1.7459622e+00   1.7266772e+00   4.3808583e-01   1.7144661e-01   1.0000000e-01   1.7144661e-01   1.7144661e-01   2.1904291e-01
   2.9816103e+00   2.0597146e+00   8.3333333e-01   1.8150883e+00   2.8141059e-01   0.0000000e+00   3.4289322e-01   1.4070529e-01   1.7144661e-01   1.0000000e-01
   1.3017471e+00   4.4221664e-01   7.7400963e-01   2.9729420e-01   5.5222232e-01   2.2270150e-01   1.0000000e-01   1.0000000e-01   1.4070529e-01   1.4070529e-01
   2.8898114e+00   2.3818336e+00   8.5422302e-01   9.7442031e-01   7.0574840e-01   3.0000000e-01   1.7144661e-01   1.4070529e-01   1.0000000e-01   1.0000000e-01
   3.0695145e+01   3.9240512e+01   7.1325899e+00   1.2775861e+01   2.4579494e+00   5.0612411e-01   3.5547663e-01   2.4287836e-01   1.9694639e-01   1.9694639e-01
   4.4827792e+01   2.4208428e+01   1.6037507e+01   9.2937472e+00   2.8444523e+00   1.2792043e+00   2.0000000e-01   2.6111648e-01   0.0000000e+00   1.4070529e-01
   1.6831656e+01   9.5904993e+00   6.6537754e+00   3.8817236e+00   5.7348835e-01   2.2270150e-01   1.4070529e-01   2.1904291e-01   1.0000000e-01   1.0000000e-01
   8.2258216e+00   5.4821934e+00   2.1015627e+00   1.4259854e+00   6.1389632e-01   2.9729420e-01   1.4070529e-01   1.4070529e-01   1.9694639e-01   1.4070529e-01
   3.6735473e-01   4.1875236e-01   5.1039695e-01   4.0439505e-01   0.0000000e+00   4.1875236e-01   1.9694639e-01   1.4070529e-01   0.0000000e+00   1.9694639e-01
   2.9005572e+00   2.9227599e+00   2.0609648e+00   1.3380221e+00   7.0632067e-01   3.6735473e-01   1.7144661e-01   1.4070529e-01   1.7144661e-01   1.9694639e-01
   2.0591260e+00   2.0375019e+00   1.2971998e+00   1.1597631e+00   7.1145036e-01   5.0251891e-01   4.1438771e-01   0.0000000e+00   2.1904291e-01   0.0000000e+00
   5.9382343e+00   2.9468525e+00   2.6337936e+00   1.3217680e+00   8.3913134e-01   6.1455412e-01   3.7321968e-01   1.0000000e-01   1.4070529e-01   1.9694639e-01
   4.1114921e+01   2.1754951e+01   1.8269708e+01   6.6530998e+00   1.6786238e+00   5.2223297e-01   2.8141059e-01   2.9729420e-01   4.0439505e-01   4.0439505e-01
   4.1449007e+00   3.2662801e+00   1.6411378e+00   2.1623734e+00   1.2185436e+00   3.9389277e-01   1.4070529e-01   1.7144661e-01   2.3868326e-01   1.7144661e-01
   1.9190433e+00   1.9717961e+00   1.7313217e+00   1.5032288e+00   9.7047317e-01   8.4918261e-01   6.4165191e-01   2.4287836e-01   1.4070529e-01   1.0000000e-01
   1.7429512e+00   1.9980799e+00   1.3361712e+00   6.5164903e-01   6.6507385e-01   2.0000000e-01   2.4287836e-01   1.4070529e-01   1.4070529e-01   1.0000000e-01
   1.4982818e+00   9.1981553e-01   7.9289777e-01   6.7232448e-01   2.0000000e-01   4.0837198e-01   2.0000000e-01   1.0000000e-01   1.4070529e-01   1.4070529e-01
   8.3486889e+00   4.8693123e+00   3.2389049e+00   2.3572583e+00   5.7348835e-01   3.4509551e-01   1.9694639e-01   2.2270150e-01   1.9694639e-01   1.7144661e-01
   3.9516011e+01   3.5119387e+01   1.6147461e+01   0.0000000e+00   6.8634885e+00   7.0352647e-01   1.0000000e-01   2.2270150e-01   1.0000000e-01   1.0000000e-01
   1.0539891e+01   5.0682115e+00   4.5650849e+00   8.9080601e-01   2.0796999e+00   0.0000000e+00   1.0000000e-01   1.4070529e-01   1.4070529e-01   1.0000000e-01
   1.1518360e+02   1.0997643e+02   1.0242384e+02   1.8249516e+01   3.5268578e+01   4.8238046e+00   4.1438771e-01   1.9694639e-01   1.0000000e-01   1.0000000e-01
   2.1170544e+00   9.0848970e-01   0.0000000e+00   0.0000000e+00   1.0000000e-01   0.0000000e+00   2.2270150e-01   1.4070529e-01   1.0000000e-01   1.0000000e-01
   9.2993361e+01   4.7742720e+01   3.4493172e+01   1.1512330e+01   4.6049600e+00   1.5538808e+00   4.6395315e-01   1.9694639e-01   2.1904291e-01   1.7144661e-01
   1.6663939e+00   1.2783749e+00   8.4441122e-01   3.7118429e-01   3.5887028e-01   1.0000000e-01   0.0000000e+00   0.0000000e+00   1.0000000e-01   1.0000000e-01
   5.8748930e+01   2.3635951e+01   1.2820513e+01   8.1815943e+00   2.9048723e+00   8.5155829e-01   2.4287836e-01   2.3868326e-01   1.4070529e-01   2.8762349e-01
   1.8810536e+01   1.1081967e+01   7.6597861e+00   3.5215211e+00   2.8158821e+00   5.0251891e-01   1.0000000e-01   0.0000000e+00   1.4070529e-01   1.0000000e-01
   5.4101001e+01   3.2581353e+01   2.3657956e+01   1.2287708e+01   2.4838061e+00   1.0952146e+00   5.3889149e-01   0.0000000e+00   1.4070529e-01   2.1904291e-01
   1.2352565e+01   6.4094312e+00   5.1906190e+00   3.8297084e+00   8.9730235e-01   8.3236307e-01   2.9318867e-01   2.5643240e-01   3.1446604e-01   2.3868326e-01
   4.4402406e+01   3.0914650e+01   1.2617428e+01   8.9425552e+00   2.1332150e+00   1.1752928e+00   7.3930079e-01   4.0439505e-01   3.5547663e-01   3.1204765e-01
   3.4929077e+00   2.2239286e+00   1.3884080e+00   6.1783264e-01   0.0000000e+00   1.4070529e-01   1.4070529e-01   1.4070529e-01   1.9694639e-01   1.0000000e-01
   4.0146161e+01   3.4490653e+01   1.7506813e+01   3.4555767e+00   1.9564966e+00   3.1526804e-01   2.0000000e-01   2.7779798e-01   1.7144661e-01   1.7144661e-01
   7.2605966e+00   3.3310750e+00   2.3785871e+00   1.2730303e+00   3.5547663e-01   4.0000000e-01   3.2582452e-01   1.4070529e-01   1.0000000e-01   1.9694639e-01
   2.4755326e+01   1.3425199e+01   1.0742999e+01   6.2765879e+00   2.1390784e+00   6.0927180e-01   4.4540301e-01   2.7779798e-01   1.7144661e-01   1.0000000e-01
   1.6467473e+01   8.3427765e+00   5.4994857e+00   1.8829109e+00   5.3361735e-01   3.5887028e-01   4.9807711e-01   1.7144661e-01   2.1904291e-01   2.5643240e-01
   4.0311289e+00   6.1290087e+00   2.2130011e+00   4.0000000e-01   1.0359205e+00   2.2270150e-01   1.0000000e-01   0.0000000e+00   1.0000000e-01   1.4070529e-01
   1.6575508e+00   1.5333004e+00   1.0540926e+00   6.6696963e-01   8.5108368e-01   3.2082595e-01   1.4070529e-01   1.4070529e-01   2.1904291e-01   2.1904291e-01
   2.4701662e+01   1.5378051e+01   1.2688096e+01   8.0951164e+00   3.4356421e+00   1.0717210e+00   0.0000000e+00   1.9694639e-01   1.7144661e-01   1.0000000e-01
   1.4559887e+01   9.3584672e+00   5.3635131e+00   4.8585965e+00   1.4093483e+00   6.1954692e-01   4.3808583e-01   1.7144661e-01   1.4070529e-01   1.9694639e-01
   8.7318969e+01   6.9961660e+01   7.7889098e+01   6.6858073e+01   1.1394256e+02   4.5555049e+01   6.8246434e-01   1.7144661e-01   1.9694639e-01   1.9694639e-01
   1.4922020e+00   1.0636320e+00   7.9512403e-01   9.7047317e-01   7.8005439e-01   7.1597923e-01   3.3874397e-01   2.1904291e-01   2.3868326e-01   1.9694639e-01
   1.3660753e+00   1.3522895e+00   9.7524926e-01   1.0411241e+00   8.4153539e-01   5.0000000e-01   1.0430627e+00   1.4070529e-01   1.4070529e-01   1.4070529e-01
   1.2913430e+01   8.6117784e+00   2.8138187e+00   1.7949424e+00   7.2327817e-01   1.7144661e-01   5.2981796e-01   2.4287836e-01   1.7144661e-01   2.3868326e-01
   2.1537845e+00   1.6505585e+00   1.4783283e+00   1.2672646e+00   7.8778554e-01   5.5732043e-01   3.4289322e-01   2.8762349e-01   1.9694639e-01   1.4070529e-01
   9.6947085e+00   6.4144408e+00   5.6283553e+00   4.1736426e+00   2.5635164e+00   1.6481088e+00   6.6241066e-01   2.5643240e-01   1.7144661e-01   2.3868326e-01
   1.1585571e+02   5.1809374e+01   3.5040092e+01   1.5676451e+01   6.1069922e+00   1.3637071e+00   4.7183288e-01   1.7144661e-01   1.0000000e-01   1.4070529e-01
   8.0810040e+00   6.2786716e+00   2.4365898e+00   9.9183536e-01   5.2223297e-01   2.9729420e-01   2.6111648e-01   1.7144661e-01   1.0000000e-01   1.7144661e-01
   1.8549881e+01   1.4491276e+01   1.7020781e+01   6.2047880e+00   2.9194402e+00   2.0000000e-01   2.9318867e-01   2.8762349e-01   2.5643240e-01   3.1446604e-01
   8.1797730e+00   7.5294439e+00   3.4742778e+00   0.0000000e+00   9.5747986e-01   7.3381527e-01   4.5571567e-01   1.4070529e-01   1.4070529e-01   1.0000000e-01
   1.4205917e+00   1.6617807e+00   1.2411708e+00   1.2986395e+00   6.6241066e-01   8.2112266e-01   3.1204765e-01   4.1132945e-01   2.3868326e-01   1.7144661e-01
   6.4165191e-01   5.3361735e-01   2.0000000e-01   1.4070529e-01   0.0000000e+00   0.0000000e+00   2.0000000e-01   1.0000000e-01   1.0000000e-01   1.4070529e-01
   5.1429171e+00   2.7571029e+00   2.1811868e+00   2.0343266e+00   2.9729420e-01   2.2270150e-01   1.0000000e-01   0.0000000e+00   1.4070529e-01   1.0000000e-01
   1.3894538e+01   9.4719362e+00   4.8586484e+00   3.7294352e+00   1.3055824e+00   4.4540301e-01   1.4070529e-01   0.0000000e+00   1.4070529e-01   1.0000000e-01
   7.1237262e-01   7.2083005e-01   2.2270150e-01   4.3239993e-01   4.1132945e-01   6.8164981e-01   1.9694639e-01   1.4070529e-01   2.1904291e-01   2.7265992e-01
   3.6439955e+01   2.7018249e+01   7.1710698e+00   1.9914971e+00   2.1356994e+00   6.3053609e-01   2.0000000e-01   1.9694639e-01   1.7144661e-01   2.5643240e-01
   9.6518957e+00   8.0357472e+00   3.6390142e+00   8.2944548e-01   2.8297660e+00   8.3750471e-01   0.0000000e+00   2.1904291e-01   1.0000000e-01   2.2270150e-01
   8.8369004e+00   3.2343485e+00   2.2038534e+00   1.1694339e+00   1.0000000e-01   5.0891050e-01   3.8283894e-01   1.7144661e-01   2.1904291e-01   1.9694639e-01
   1.9430778e+01   9.2643555e+00   5.7689083e+00   3.3135778e+00   5.8637734e-01   6.6666667e-01   1.7144661e-01   2.1904291e-01   1.7144661e-01   1.9694639e-01
   2.7870552e+00   1.5403987e+00   1.1551816e+00   2.9729420e-01   2.2270150e-01   0.0000000e+00   1.7144661e-01   1.4070529e-01   1.7144661e-01   1.7144661e-01
   9.9676244e-01   6.5712874e-01   5.6666667e-01   2.6111648e-01   5.1433982e-01   3.2582452e-01   1.0000000e-01   1.9694639e-01   2.3868326e-01   2.7265992e-01
   6.5312987e+01   3.4221501e+01   2.9779662e+01   6.7396835e+00   9.9666312e+00   8.4441122e-01   4.1132945e-01   3.7118429e-01   2.3868326e-01   1.0000000e-01
   6.3483395e+00   6.0932485e+00   4.0044924e+00   1.9511975e+00   8.9080601e-01   0.0000000e+00   3.0000000e-01   2.0000000e-01   1.4070529e-01   1.0000000e-01
   1.9922060e+01   1.3399698e+01   5.3946850e+00   2.9502782e+00   6.4007575e-01   1.0135945e+00   2.9729420e-01   2.3868326e-01   1.0000000e-01   1.4070529e-01
   7.7313216e+00   3.5766357e+00   3.4770677e+00   1.5208650e+00   1.4172102e+00   7.3278216e-01   1.9694639e-01   1.0000000e-01   1.0000000e-01   2.5643240e-01
   8.1070801e+00   5.9073230e+00   1.7992984e+00   3.0218063e+00   4.3239993e-01   7.3167857e-01   1.0000000e-01   1.4070529e-01   0.0000000e+00   1.7144661e-01
   3.1233723e+00   2.4315062e+00   1.9289396e+00   1.3077469e+00   8.5374990e-01   9.3829848e-01   2.9729420e-01   1.9694639e-01   2.1904291e-01   2.1904291e-01
   2.8902483e+00   2.9808141e+00   2.0295544e+00   1.1557498e+00   9.3333333e-01   1.4070529e-01   2.1904291e-01   1.0000000e-01   1.4070529e-01   1.9694639e-01
   2.6756478e+00   2.8690441e+00   1.0062431e+00   1.0219312e+00   4.6449712e-01   5.0891050e-01   1.7144661e-01   2.5643240e-01   2.3868326e-01   2.7265992e-01
   2.9870082e+01   1.2496767e+01   8.9309981e+00   5.0027366e+00   1.9730252e+00   1.8117462e+00   4.7343576e-01   1.4070529e-01   1.9694639e-01   2.6111648e-01
   3.3531598e+01   1.9283245e+01   1.0561886e+01   8.5534505e+00   1.8929694e+00   1.0000000e-01   2.2270150e-01   1.0000000e-01   1.9694639e-01   1.9694639e-01
   1.5072388e+01   1.1409171e+01   5.8258480e+00   4.6642743e+00   1.3180947e+00   1.0000000e-01   2.7779798e-01   0.0000000e+00   1.0000000e-01   1.0000000e-01
   7.3515682e+00   5.2246115e+00   2.2922575e+00   9.1778169e-01   2.2270150e-01   4.0837198e-01   3.1204765e-01   1.7144661e-01   1.9694639e-01   1.4070529e-01
   1.9700792e+00   1.8269586e+00   1.1752928e+00   5.7022058e-01   3.9389277e-01   2.8141059e-01   0.0000000e+00   1.4070529e-01   1.7144661e-01   1.9694639e-01
   8.2936692e+00   4.8071496e+00   1.3371158e+00   1.9988886e+00   1.0000000e-01   0.0000000e+00   1.0000000e-01   1.0000000e-01   1.0000000e-01   1.0000000e-01
   1.8202442e+01   9.0233983e+00   6.9824817e+00   5.6920643e+00   2.4556470e+00   8.5019309e-01   3.8924947e-01   1.7144661e-01   1.0000000e-01   1.9694639e-01
   3.5211339e+00   2.2874272e+00   7.7485743e-01   0.0000000e+00   0.0000000e+00   0.0000000e+00   1.0000000e-01   1.4070529e-01   2.1904291e-01   1.4070529e-01
   2.5830841e+00   1.4770979e+00   3.2582452e-01   2.0000000e-01   1.0000000e-01   2.0000000e-01   4.1132945e-01   1.9694639e-01   1.7144661e-01   1.7144661e-01
   1.3296920e+00   2.2270150e-01   5.1039695e-01   3.5887028e-01   0.0000000e+00   0.0000000e+00   2.8141059e-01   1.4070529e-01   1.9694639e-01   1.7144661e-01
   9.2855052e+00   5.3964448e+00   2.8850013e+00   9.6708455e-01   1.3660753e+00   3.6735473e-01   2.2270150e-01   2.3868326e-01   1.7144661e-01   1.7144661e-01
   5.4965183e+01   3.1739654e+01   1.9186527e+01   3.7234040e+00   1.5285499e+00   1.0000000e-01   2.0000000e-01   2.7265992e-01   1.9694639e-01   1.9694639e-01
   2.3302449e+02   9.9660168e+01   6.6342298e+01   6.6000000e+00   2.8709946e+01   9.1734135e-01   1.4070529e-01   0.0000000e+00   2.1904291e-01   1.0000000e-01
   7.1139342e+01   2.6285401e+01   1.5187661e+01   6.1781956e+00   7.8205828e+00   1.7884026e+00   3.8924947e-01   2.3868326e-01   2.7265992e-01   2.1904291e-01
   7.6158991e+00   6.3383075e+00   3.4367444e+00   1.4692470e+00   5.6282118e-01   2.2270150e-01   2.0000000e-01   1.7144661e-01   1.7144661e-01   1.9694639e-01
   3.0463590e+00   2.0540918e+00   1.5047400e+00   3.2582452e-01   1.4070529e-01   2.0000000e-01   1.4070529e-01   1.7144661e-01   1.4070529e-01   1.4070529e-01
   3.6574783e+01   2.1391802e+01   9.6870006e+00   4.7411694e+00   2.1746705e+00   8.0018937e-01   3.7118429e-01   2.6111648e-01   2.7779798e-01   3.0748245e-01
   1.7237497e+00   1.0852082e+00   4.0000000e-01   0.0000000e+00   2.0000000e-01   5.0891050e-01   3.8283894e-01   1.7144661e-01   2.1904291e-01   0.0000000e+00
   2.4308414e+00   1.0952607e+00   1.0473150e+00   4.9756985e-01   0.0000000e+00   3.0000000e-01   2.0000000e-01   1.7144661e-01   2.3868326e-01   1.9694639e-01
   3.5301873e+00   2.1575332e+00   6.4353820e-01   6.6810451e-01   7.7713538e-01   2.2270150e-01   1.4070529e-01   2.7265992e-01   1.4070529e-01   1.7144661e-01
   1.6090260e+01   1.1349058e+01   6.3472256e+00   2.5932313e+00   7.1597923e-01   3.7118429e-01   0.0000000e+00   1.4070529e-01   0.0000000e+00   1.9694639e-01
   9.7666253e+00   6.7897427e+00   2.8652392e+00   2.5236458e+00   4.3239993e-01   0.0000000e+00   3.1204765e-01   1.9694639e-01   1.7144661e-01   1.7144661e-01
   5.6406758e+01   3.3237584e+01   2.8180334e+01   3.1396937e+01   5.5222232e+00   1.0622541e+00   2.7779798e-01   2.5643240e-01   1.0000000e-01   1.0000000e-01
   3.8569758e+00   1.3918594e+00   4.4540301e-01   4.8575673e-01   1.1372481e+00   2.0000000e-01   3.7118429e-01   1.9694639e-01   2.3868326e-01   1.0000000e-01
   1.3317127e+01   6.6266679e+00   4.8021460e+00   1.6159245e+00   2.3808156e+00   1.2198278e+00   5.5559596e-01   3.0748245e-01   2.7265992e-01   2.3868326e-01
   2.1469838e+01   1.9389289e+01   1.4673056e+01   1.1459102e+01   5.4998990e+00   5.0000000e-01   5.4457842e-01   1.0000000e-01   1.0000000e-01   0.0000000e+00
   2.1828302e+00   1.7728594e+00   9.2872238e-01   1.2647513e+00   6.9223690e-01   4.0439505e-01   2.4287836e-01   2.1904291e-01   0.0000000e+00   1.4070529e-01
   1.1504940e+00   3.1204765e-01   4.5159649e-01   2.0000000e-01   0.0000000e+00   2.8141059e-01   2.4287836e-01   2.8762349e-01   1.4070529e-01   1.9694639e-01
   1.5833088e+02   1.0354632e+02   6.5247231e+01   2.7674449e+01   2.7735000e+01   2.3116744e+00   1.2875080e+00   2.4287836e-01   1.7144661e-01   0.0000000e+00
   9.9465440e+00   3.7975404e+00   2.0074608e+00   0.0000000e+00   7.5068992e-01   2.0000000e-01   2.2270150e-01   0.0000000e+00   0.0000000e+00   1.0000000e-01
   1.4242982e+01   7.5914026e+00   6.8766623e+00   4.2486361e+00   1.9813270e+00   6.5566683e-01   4.2211588e-01   1.9694639e-01   1.7144661e-01   1.4070529e-01
   4.3694994e+00   2.5246062e+00   1.8500341e+00   8.2877541e-01   1.1572782e+00   3.0000000e-01   1.0000000e-01   1.9694639e-01   1.0000000e-01   1.0000000e-01
   2.4180349e+01   2.2602547e+01   1.4932505e+01   3.9344503e+00   3.0407834e+00   1.4897291e+00   7.1484971e-01   1.9694639e-01   1.0000000e-01   2.3868326e-01
   3.2537624e+00   3.3423514e+00   1.9033198e+00   1.0906397e+00   4.0837198e-01   2.9729420e-01   1.0000000e-01   1.7144661e-01   1.7144661e-01   1.4070529e-01
   1.4850348e+01   7.7033051e+00   5.5156710e+00   2.0591260e+00   8.0271006e-01   5.4122943e-01   1.9694639e-01   3.0151134e-01   2.7779798e-01   1.9694639e-01
   5.1046424e+01   3.4483965e+01   1.5086284e+01   5.2540605e+00   1.1292261e+00   6.0769477e-01   5.7348835e-01   2.0000000e-01   2.7779798e-01   2.5643240e-01
   1.4368158e+02   5.9010052e+01   2.8379314e+01   6.9804923e+00   2.7390738e+00   2.8141059e-01   2.4287836e-01   3.5547663e-01   2.5643240e-01   2.1904291e-01
   6.4157319e-01   2.0000000e-01   0.0000000e+00   0.0000000e+00   0.0000000e+00   0.0000000e+00   0.0000000e+00   1.4070529e-01   1.4070529e-01   0.0000000e+00
   1.9166206e+01   1.1821159e+01   8.2534596e+00   2.6606751e+00   1.6817499e+00   5.0562493e-01   1.4070529e-01   1.7144661e-01   1.7144661e-01   1.4070529e-01
   2.7055267e+01   2.2865536e+01   1.5345660e+01   5.5731227e+00   4.9003298e+00   1.6966991e+00   2.0000000e-01   1.0000000e-01   1.7144661e-01   2.3868326e-01
   5.8095272e+00   4.5268559e+00   3.8172389e+00   1.7144661e-01   5.8049091e-01   2.0000000e-01   1.0000000e-01   1.4070529e-01   1.4070529e-01   1.4070529e-01
   2.2650672e+01   1.5343669e+01   1.0885891e+01   6.1029799e+00   1.3869522e+00   8.8048426e-01   4.7343576e-01   1.0000000e-01   1.0000000e-01   1.4070529e-01
   1.8574448e+00   1.4354811e+00   5.5084875e-01   5.9246105e-01   2.0000000e-01   2.2270150e-01   0.0000000e+00   0.0000000e+00   1.4070529e-01   0.0000000e+00
   4.1148099e+01   2.1981376e+01   1.2685516e+01   4.4182359e+00   1.6996732e+00   3.4289322e-01   1.7144661e-01   1.9694639e-01   0.0000000e+00   1.4070529e-01
   9.0162592e+00   4.0663189e+00   3.1648958e+00   1.5954481e+00   1.9852741e+00   9.3614296e-01   4.1875236e-01   1.0000000e-01   2.4287836e-01   1.4070529e-01
   2.8815812e+01   1.0948341e+01   4.1491876e+00   1.9089105e+00   1.1797534e+00   1.7144661e-01   1.0000000e-01   0.0000000e+00   1.4070529e-01   1.0000000e-01
   1.4645560e+01   8.9840431e+00   4.2447710e+00   7.7034690e-01   0.0000000e+00   2.0000000e-01   2.2270150e-01   2.0000000e-01   1.4070529e-01   0.0000000e+00
   1.9536849e+01   8.4011724e+00   7.1497333e+00   3.2320835e+00   2.3019316e+00   5.0000000e-01   6.4596651e-01   2.5643240e-01   1.7144661e-01   2.6111648e-01
   3.2120472e+01   1.3463891e+01   8.6732842e+00   2.1049245e+00   1.0798429e+00   2.4287836e-01   2.9729420e-01   1.4070529e-01   2.7779798e-01   2.1904291e-01
   1.2029303e+01   1.0938446e+01   6.9898267e+00   2.2846656e+00   5.5384332e+00   1.0480863e+00   4.0439505e-01   1.9694639e-01   1.7144661e-01   2.1904291e-01
   7.4454305e+01   6.1992729e+01   6.2130218e+01   1.6418944e+01   8.7519060e+00   5.3663749e-01   6.0394327e-01   1.9694639e-01   1.4070529e-01   2.7779798e-01
   1.3126810e+00   9.1695588e-01   9.1954095e-01   4.0837198e-01   6.0769477e-01   2.9729420e-01   4.1438771e-01   1.7144661e-01   1.9694639e-01   1.9694639e-01
   2.5606778e+01   1.0732825e+01   5.6672370e+00   3.4300367e+00   2.7191799e+00   7.7400963e-01   2.2270150e-01   0.0000000e+00   1.9694639e-01   1.7144661e-01
   2.6415811e+01   1.4667961e+01   9.3444252e+00   1.3446490e+00   6.2563099e-01   0.0000000e+00   0.0000000e+00   1.0000000e-01   1.4070529e-01   1.7144661e-01
   1.7735540e+02   1.3992162e+02   2.6651064e+01   3.5580576e+01   1.2538180e+01   2.8756027e+00   5.9458839e-01   1.4070529e-01   1.0000000e-01   1.0000000e-01
   5.2499543e+00   3.5172734e+00   1.3049633e+00   1.2541245e+00   3.0000000e-01   3.5887028e-01   2.2270150e-01   2.7265992e-01   1.9694639e-01   1.4070529e-01
   4.3169738e+00   2.0275875e+00   1.7830572e+00   6.6141874e-01   7.1597923e-01   3.5547663e-01   1.7144661e-01   1.7144661e-01   1.0000000e-01   1.0000000e-01
   9.1555084e+00   8.8059840e+00   2.1432299e+00   2.8087885e+00   3.3044048e+00   1.4946369e+00   1.7144661e-01   1.0000000e-01   0.0000000e+00   1.4070529e-01
   5.5107883e+00   4.4250892e+00   3.1206546e+00   3.0993483e+00   2.0814476e+00   1.1898561e+00   2.0000000e-01   0.0000000e+00   1.0000000e-01   1.0000000e-01
   4.9961197e+00   3.2773943e+00   7.7921224e-01   1.1746050e+00   5.8422011e-01   4.0837198e-01   3.7118429e-01   2.1904291e-01   2.6111648e-01   1.9694639e-01
   1.6554102e+01   8.0370103e+00   5.6918425e+00   2.4946610e+00   1.5974728e+00   1.1918918e+00   4.8523659e-01   2.7265992e-01   3.1446604e-01   2.5643240e-01
   1.3175260e+01   7.5441529e+00   6.9064748e+00   1.6378108e+00   7.3002006e-01   0.0000000e+00   2.2270150e-01   1.7144661e-01   2.7265992e-01   1.7144661e-01
   2.8960222e+01   2.3167645e+01   1.0245847e+01   3.6610287e+00   2.6738351e+00   5.9721576e-01   2.9729420e-01   2.9729420e-01   1.7144661e-01   0.0000000e+00
   1.2961395e+02   8.1103064e+01   2.5748235e+01   9.6325626e+00   4.5048122e+00   2.0000000e-01   1.0000000e-01   3.5547663e-01   1.4070529e-01   0.0000000e+00
   1.2631930e+01   7.8210800e+00   1.9667951e+00   3.9925562e+00   1.4728177e+00   4.8199920e-01   2.5643240e-01   2.5643240e-01   2.4287836e-01   1.7144661e-01
   9.7995001e+00   5.4328221e+00   3.2938725e+00   6.3595947e-01   8.4231523e-01   2.4287836e-01   1.7144661e-01   1.0000000e-01   1.7144661e-01   1.7144661e-01
   1.0050760e+01   3.5530468e+00   8.9188259e-01   2.1858128e+00   5.0891050e-01   3.5887028e-01   2.4287836e-01   0.0000000e+00   1.4070529e-01   1.4070529e-01
   3.3435450e+00   1.7313217e+00   1.2346430e+00   6.8246434e-01   8.3023667e-01   2.2270150e-01   2.4287836e-01   1.4070529e-01   2.7265992e-01   2.1904291e-01
   1.0449706e+01   5.0429569e+00   3.7863524e+00   2.2672682e+00   9.7005675e-01   5.3219576e-01   2.9729420e-01   1.9694639e-01   2.1904291e-01   2.3868326e-01
   2.8468661e+00   1.4940623e+00   9.7291606e-01   9.5049163e-01   5.6666667e-01   1.0000000e-01   2.6111648e-01   2.3868326e-01   1.7144661e-01   2.1904291e-01
   7.3400727e+00   7.6930770e+00   2.2869635e+00   2.6073711e+00   1.6159245e+00   1.7144661e-01   2.1904291e-01   2.3868326e-01   1.0000000e-01   2.3868326e-01
   1.9801602e+01   1.6124591e+01   3.1249242e+00   3.0110235e+00   2.2223838e+00   6.1496489e-01   2.2270150e-01   2.0000000e-01   1.0000000e-01   1.0000000e-01
   3.6358311e+01   1.9280115e+01   1.1871275e+01   3.1263623e+00   2.2585416e+00   5.7515918e-01   2.4287836e-01   1.7144661e-01   1.4070529e-01   1.0000000e-01
   2.3969476e+01   1.7203770e+01   6.5583550e+00   3.1501804e+00   1.3973640e+00   8.1470079e-01   5.6309032e-01   3.8924947e-01   3.1446604e-01   1.9694639e-01
   6.6682650e+00   8.2233653e+00   4.6078545e+00   4.0000000e-01   1.3000000e+00   4.0000000e-01   8.6893642e-01   3.0748245e-01   2.1904291e-01   3.4509551e-01
   3.4813690e+01   2.2298822e+01   4.6297239e+00   6.3583557e+00   3.9347583e+00   6.5904737e-01   3.7859389e-01   2.7265992e-01   2.3868326e-01   2.1904291e-01
   1.3927460e+01   5.3641063e+00   3.6285067e+00   1.3219209e+00   1.1432278e+00   2.0000000e-01   1.0000000e-01   0.0000000e+00   1.4070529e-01   1.0000000e-01
   5.3515881e+00   2.5219040e+00   1.6271373e+00   3.5887028e-01   4.2864598e-01   4.8199920e-01   2.9729420e-01   1.4070529e-01   3.0748245e-01   3.5547663e-01
   2.0177495e+01   1.5483598e+01   5.4707579e+00   3.9468566e+00   1.2815316e+00   4.8575673e-01   2.6111648e-01   2.7265992e-01   1.7144661e-01   2.1904291e-01
   2.7285501e+01   1.7229793e+01   9.0269854e+00   1.4818430e+00   6.3595947e-01   4.9756985e-01   1.0000000e-01   2.0000000e-01   2.7779798e-01   1.7144661e-01
   2.0619448e+00   1.5877053e+00   1.0278447e+00   3.0000000e-01   2.9729420e-01   2.8141059e-01   3.4289322e-01   0.0000000e+00   1.4070529e-01   1.7144661e-01
   2.7898807e+00   1.8229735e+00   4.5159649e-01   3.9389277e-01   2.8141059e-01   3.0000000e-01   4.5159649e-01   1.0000000e-01   1.0000000e-01   0.0000000e+00
   1.0211001e+01   7.2648246e+00   3.3515261e+00   1.3859322e+00   3.4289322e-01   2.4287836e-01   1.7144661e-01   1.9694639e-01   1.9694639e-01   2.3868326e-01
   2.8691849e+00   1.6895101e+00   1.1907047e+00   3.9389277e-01   2.4287836e-01   0.0000000e+00   0.0000000e+00   1.0000000e-01   1.4070529e-01   1.7144661e-01
   1.8719017e+01   1.3312328e+01   5.1790077e+00   2.4654379e+00   7.0667810e-01   5.0612411e-01   2.5643240e-01   3.4873509e-01   2.5643240e-01   2.5643240e-01
   1.2181705e+00   1.3279817e+00   3.1204765e-01   7.9613968e-01   1.0000000e-01   3.8283894e-01   1.0000000e-01   1.7144661e-01   1.4070529e-01   2.0000000e-01
   6.7866402e+00   4.4835389e+00   4.4946208e+00   4.8521057e+00   2.8006312e+00   0.0000000e+00   1.4070529e-01   1.4070529e-01   1.4070529e-01   1.0000000e-01
   6.3348005e+00   4.7916173e+00   3.6863932e+00   4.4991582e+00   4.5412142e+00   4.2390679e-01   2.9729420e-01   1.4070529e-01   2.4287836e-01   4.7183288e-01
   1.5642354e+01   1.1802632e+01   4.3169738e+00   3.1317856e+00   1.0643915e+00   2.4287836e-01   2.0000000e-01   2.1904291e-01   0.0000000e+00   1.0000000e-01
   1.8884923e+01   1.6968476e+01   7.6515002e+00   3.0099331e+00   5.7735027e-01   6.0769477e-01   2.4287836e-01   1.7144661e-01   2.3868326e-01   1.7144661e-01
   1.0633529e+02   7.5412873e+01   3.4424050e+01   4.5577218e+00   8.4981935e+00   4.8575673e-01   1.4070529e-01   1.9694639e-01   1.0000000e-01   1.7144661e-01
   4.9469178e+01   3.8976568e+01   6.1392840e+00   1.0706455e+01   8.9080601e-01   2.6685410e+00   4.3239993e-01   0.0000000e+00   1.4070529e-01   1.7144661e-01
   8.2943573e+00   6.0453756e+00   3.2687068e+00   1.0417545e+00   6.7651812e-01   6.6810451e-01   2.0000000e-01   1.0000000e-01   2.1904291e-01   1.7144661e-01
   1.5473483e+01   7.9358221e+00   5.1832968e+00   1.8322586e+00   2.2195413e+00   6.6202933e-01   3.7859389e-01   1.4070529e-01   1.7144661e-01   2.3868326e-01
   2.0558787e+01   1.8766282e+01   4.2148727e+00   3.9891140e+00   1.8173963e+00   5.4531985e-01   4.4991582e-01   2.1904291e-01   2.1904291e-01   1.4070529e-01
   1.1858066e+01   1.1375052e+01   4.1945612e+00   2.0394840e+00   1.2599503e+00   9.8529594e-01   3.5887028e-01   1.4070529e-01   1.7144661e-01   1.4070529e-01
   3.7820816e+00   2.0418599e+00   1.7951675e+00   1.0576799e+00   3.0000000e-01   3.0000000e-01   4.3808583e-01   2.7779798e-01   2.4287836e-01   3.7859389e-01
   3.5649245e+00   2.8115203e+00   0.0000000e+00   9.2173530e-01   0.0000000e+00   3.0000000e-01   0.0000000e+00   0.0000000e+00   0.0000000e+00   1.0000000e-01
   5.1535905e+01   3.6957929e+01   1.9372820e+01   8.4460199e+00   8.6595484e+00   1.0221783e+00   2.2270150e-01   1.0000000e-01   2.1904291e-01   1.7144661e-01
   2.1642411e+00   1.1675754e+00   9.9346349e-01   3.0000000e-01   2.8141059e-01   0.0000000e+00   1.0000000e-01   1.0000000e-01   1.4070529e-01   1.4070529e-01
   5.9785729e+00   3.4285050e+00   2.2157380e+00   1.2701308e+00   8.7956601e-01   5.4411452e-01   2.2270150e-01   1.4070529e-01   1.4070529e-01   1.9694639e-01
   2.1861825e+00   1.1967549e+00   5.9831413e-01   1.0000000e-01   3.5547663e-01   1.4070529e-01   1.0000000e-01   1.0000000e-01   1.0000000e-01   1.7144661e-01
   2.8168440e+01   2.1066993e+01   4.3693145e+00   5.5804855e+00   1.0928602e+00   7.1484971e-01   1.7144661e-01   3.0748245e-01   1.4070529e-01   2.7265992e-01
   4.5355610e+00   3.6276714e+00   2.3436137e+00   6.7419986e-01   8.5628986e-01   9.0224188e-01   6.1987291e-01   1.9694639e-01   1.9694639e-01   2.4287836e-01
   2.3354968e+00   1.3491112e+00   8.7293769e-01   5.6282118e-01   0.0000000e+00   4.2211588e-01   2.0000000e-01   1.0000000e-01   1.0000000e-01   1.0000000e-01
   9.1703519e+00   3.6170751e+00   2.5641467e+00   8.3720314e-01   0.0000000e+00   1.0000000e-01   1.0000000e-01   0.0000000e+00   1.4070529e-01   1.4070529e-01
   1.2750113e+02   1.1437590e+02   3.3671429e+01   3.3569579e+01   9.9611924e+00   1.9063689e+00   2.7779798e-01   1.0000000e-01   1.4070529e-01   1.7144661e-01
   1.0645130e+01   7.0310710e+00   1.2978615e+00   2.2040138e+00   3.5887028e-01   1.0000000e-01   1.0000000e-01   1.4070529e-01   0.0000000e+00   1.0000000e-01
   1.3507354e+02   5.5598801e+01   4.0780233e+01   2.0338735e+01   3.1942341e+00   1.0730867e+00   4.0000000e-01   2.4287836e-01   1.0000000e-01   1.4070529e-01
   5.7357289e+00   4.7559744e+00   1.6965800e+00   2.0654933e+00   1.0150384e+00   7.0180143e-01   1.9694639e-01   2.1904291e-01   1.4070529e-01   1.9694639e-01
   6.8890908e+01   4.2790748e+01   6.6842495e+00   9.9084904e+00   1.7823773e+00   7.5712108e-01   3.0000000e-01   3.4289322e-01   1.4070529e-01   3.1204765e-01
   2.3619611e+02   1.6876060e+02   9.9703022e+01   4.7464925e+01   1.3667313e+01   6.3231497e+00   4.9431107e-01   2.1904291e-01   1.9694639e-01   1.0000000e-01
   1.4234951e+01   7.0945989e+00   6.3090764e+00   2.0323395e+00   1.2381152e+00   4.9020713e-01   2.6111648e-01   1.0000000e-01   2.1904291e-01   2.1904291e-01
   1.6052641e+01   7.5414745e+00   5.6360671e+00   1.4633571e+00   6.9478577e-01   8.0522285e-01   3.2582452e-01   0.0000000e+00   2.7779798e-01   1.7144661e-01
   9.0061447e+01   4.5920331e+01   4.2749820e+01   2.3251412e+01   6.0784351e+00   6.7748793e-01   1.7144661e-01   2.1904291e-01   1.4070529e-01   2.3868326e-01
   3.0087247e+00   1.8182854e+00   1.3371158e+00   1.2381152e+00   1.7144661e-01   1.0000000e-01   0.0000000e+00   1.7144661e-01   2.3868326e-01   1.0000000e-01
   8.3365812e+00   2.2522492e+00   1.9559544e+00   6.1430753e-01   0.0000000e+00   2.0000000e-01   1.0000000e-01   1.9694639e-01   1.0000000e-01   1.7144661e-01
   7.3434847e+00   4.8431874e+00   3.2908812e+00   2.2876701e+00   7.9512403e-01   1.0187634e+00   6.7239959e-01   2.3868326e-01   1.7144661e-01   1.0000000e-01
   9.4826583e+00   5.2656597e+00   7.5585994e+00   7.5878691e-01   1.0251386e+00   2.9729420e-01   2.7779798e-01   0.0000000e+00   1.0000000e-01   1.7144661e-01
   1.1093658e+02   6.1785889e+01   6.8309760e+01   3.8599025e+01   2.1448032e+01   6.2553331e+00   5.7735027e-01   1.0000000e-01   1.7144661e-01   2.7779798e-01
   2.5641938e+01   1.7772979e+01   2.1728713e+01   3.3852920e+00   1.0207939e+00   6.0727908e-01   3.1204765e-01   2.0000000e-01   1.9694639e-01   1.0000000e-01
   1.7636624e+01   1.1491429e+01   1.0986383e+01   6.9532639e+00   1.6481088e+00   1.1432278e+00   3.0748245e-01   1.7144661e-01   1.7144661e-01   2.1904291e-01
   1.9944163e+02   2.3193497e+02   9.0831181e+01   9.5285205e+01   1.7361993e+01   2.9694743e+00   5.7348835e-01   1.7144661e-01   2.1904291e-01   1.7144661e-01
   3.0424731e+01   1.4457880e+01   6.2949394e+00   1.4188842e+00   1.5398741e+00   6.8578643e-01   2.6111648e-01   3.4509551e-01   2.3868326e-01   2.5643240e-01
   1.7245453e+01   1.5005723e+01   8.3151559e+00   1.8765970e+00   1.8881876e+00   6.3595947e-01   2.6111648e-01   1.9694639e-01   2.3868326e-01   1.4070529e-01
   5.8701350e+00   5.8159915e+00   2.5050253e+00   1.2050399e+00   1.7144661e-01   1.0000000e-01   0.0000000e+00   1.4070529e-01   1.0000000e-01   0.0000000e+00
   1.2536750e+02   8.2270284e+01   1.9157096e+01   6.3522445e+00   2.3545357e+00   1.1432278e+00   2.1904291e-01   1.4070529e-01   1.0000000e-01   2.5643240e-01
   5.0935788e+00   3.2822756e+00   2.7432194e+00   2.3122642e+00   1.1534314e+00   7.7875840e-01   1.7144661e-01   0.0000000e+00   1.7144661e-01   1.9694639e-01
   2.2379644e+00   1.4016945e+00   8.9188259e-01   4.0837198e-01   5.3663749e-01   3.9389277e-01   2.6111648e-01   1.4070529e-01   1.9694639e-01   1.7144661e-01
   3.9064179e+00   2.1239139e+00   7.6929720e-01   3.1526804e-01   3.0000000e-01   3.1526804e-01   1.9694639e-01   2.6111648e-01   1.4070529e-01   1.4070529e-01
   1.9226392e+01   1.2932970e+01   8.0884692e+00   1.4461373e+00   8.5729195e-01   5.1039695e-01   0.0000000e+00   0.0000000e+00   1.4070529e-01   1.4070529e-01
   4.2482914e+00   2.3354968e+00   1.7399350e+00   1.4673552e+00   1.0000000e-01   2.0000000e-01   1.0000000e-01   0.0000000e+00   0.0000000e+00   1.0000000e-01
   2.4220160e+00   1.9336468e+00   6.3053609e-01   3.5547663e-01   2.0000000e-01   0.0000000e+00   1.0000000e-01   1.4070529e-01   1.0000000e-01   1.4070529e-01
   6.6458691e+00   6.1884219e+00   3.4989176e+00   1.8006452e+00   1.3567638e+00   6.9660069e-01   2.6111648e-01   1.0000000e-01   2.3868326e-01   0.0000000e+00
   5.6207317e+01   2.8780428e+01   1.0996211e+01   2.9705858e+01   4.2323788e+00   2.3762078e+00   1.0000000e-01   1.4070529e-01   0.0000000e+00   1.0000000e-01
   1.9169367e+00   1.5521572e+00   8.8597376e-01   2.2270150e-01   3.5887028e-01   0.0000000e+00   1.7144661e-01   1.4070529e-01   1.9694639e-01   1.4070529e-01
   1.5521572e+00   9.3953567e-01   6.0927180e-01   0.0000000e+00   5.7022058e-01   0.0000000e+00   1.0000000e-01   0.0000000e+00   1.4070529e-01   0.0000000e+00
   2.2143161e+01   1.6212341e+01   3.7869526e+00   0.0000000e+00   5.3663749e-01   0.0000000e+00   1.0000000e-01   0.0000000e+00   0.0000000e+00   1.0000000e-01
   5.6266322e+00   3.7453675e+00   4.0610990e+00   2.3997264e+00   6.7232448e-01   3.4289322e-01   2.0000000e-01   0.0000000e+00   0.0000000e+00   0.0000000e+00
   2.0854958e+01   1.1878271e+01   6.7851889e+00   1.8282574e+00   1.2115188e+00   7.3002006e-01   0.0000000e+00   2.3868326e-01   2.7265992e-01   2.5643240e-01
   4.5957820e+00   3.7765892e+00   2.0840908e+00   1.6787140e+00   7.2995088e-01   4.9020713e-01   2.3868326e-01   1.0000000e-01   1.9694639e-01   1.4070529e-01
   6.4398617e+00   3.9344503e+00   1.9458321e+00   8.3750471e-01   1.0000000e-01   0.0000000e+00   1.0000000e-01   1.0000000e-01   1.4070529e-01   0.0000000e+00
   1.1337005e+01   8.6982176e+00   5.1469713e+00   3.0103525e+00   1.5932623e+00   3.1204765e-01   2.6111648e-01   0.0000000e+00   2.3868326e-01   1.4070529e-01
   3.1322324e+01   2.2558978e+01   2.0433630e+01   1.0038492e+01   2.0325383e+00   8.0018937e-01   5.5958137e-01   2.6111648e-01   2.8762349e-01   2.3868326e-01
   2.6536305e+02   1.7523008e+02   1.6169850e+02   5.6451151e+01   2.0083892e+01   1.6884635e+00   4.0000000e-01   2.9729420e-01   1.9694639e-01   2.9729420e-01
   2.8107979e+01   1.2788742e+01   7.4793385e+00   3.3766130e+00   1.5150424e+00   2.4287836e-01   2.6111648e-01   2.7265992e-01   1.9694639e-01   1.9694639e-01
   3.0642037e+01   2.0082657e+01   1.1906980e+01   3.3346058e+00   0.0000000e+00   0.0000000e+00   3.5887028e-01   1.0000000e-01   0.0000000e+00   1.0000000e-01
   9.9297075e+00   5.0048360e+00   2.8123106e+00   1.2162203e+00   5.5732043e-01   2.8141059e-01   2.4287836e-01   1.7144661e-01   1.0000000e-01   2.5643240e-01
   8.7264836e-01   7.5210143e-01   8.7177979e-01   1.2175070e+00   3.8283894e-01   5.3361735e-01   2.2270150e-01   0.0000000e+00   1.4070529e-01   1.4070529e-01
   1.4192312e+01   9.4553656e+00   5.4164359e+00   1.7662378e+00   1.1016975e+00   4.1132945e-01   0.0000000e+00   1.0000000e-01   2.5643240e-01   1.4070529e-01
   2.0994468e+00   1.3669992e+00   1.0965511e+00   1.0698343e+00   6.5219133e-01   7.5985113e-01   4.7736651e-01   1.7144661e-01   2.1904291e-01   1.7144661e-01
   2.5594152e+00   2.0295544e+00   1.3622249e+00   1.0588730e+00   4.4540301e-01   5.1433982e-01   2.4287836e-01   2.7265992e-01   1.7144661e-01   2.6111648e-01
   2.8157386e+00   2.3513589e+00   1.8482588e+00   7.7034690e-01   6.1496489e-01   2.6111648e-01   2.4287836e-01   0.0000000e+00   1.4070529e-01   0.0000000e+00
   5.0091936e+00   3.4829890e+00   1.8062741e+00   1.2478669e+00   5.4411452e-01   2.0000000e-01   1.0000000e-01   1.4070529e-01   0.0000000e+00   1.7144661e-01
   6.2611436e+00   4.3658338e+00   3.6901589e+00   1.8600261e+00   2.2082261e+00   3.0000000e-01   3.7118429e-01   2.7779798e-01   1.4070529e-01   1.4070529e-01
   5.2320979e+00   3.0108222e+00   2.4573945e+00   1.4666667e+00   1.1090081e+00   4.2211588e-01   4.0837198e-01   0.0000000e+00   2.1904291e-01   1.4070529e-01
   3.6800719e+00   2.5253463e+00   3.6697508e+00   1.1752928e+00   1.9974732e+00   9.0319299e-01   5.8005573e-01   2.2270150e-01   1.7144661e-01   1.0000000e-01
   4.3032610e+01   2.7320904e+01   1.2434958e+01   7.8296187e+00   2.1520721e+00   5.3219576e-01   1.4070529e-01   1.4070529e-01   1.0000000e-01   1.9694639e-01
   5.1217402e+00   3.7321427e+00   3.5484952e+00   2.0333333e+00   1.8765970e+00   4.8575673e-01   1.9694639e-01   0.0000000e+00   1.7144661e-01   0.0000000e+00
   1.7210521e+00   1.5795089e+00   1.1607643e+00   9.8324345e-01   4.2211588e-01   2.2270150e-01   1.4070529e-01   1.0000000e-01   1.7144661e-01   1.0000000e-01
   2.9796956e+01   2.0776276e+01   2.7432302e+01   9.7625289e+00   2.6812292e+00   3.9936819e-01   1.9694639e-01   1.4070529e-01   1.9694639e-01   1.0000000e-01
   1.4322614e+01   8.5272943e+00   4.1318057e+00   2.2956041e+00   1.0112499e+00   5.6282118e-01   1.7144661e-01   1.4070529e-01   1.0000000e-01   2.1904291e-01
   1.6284277e+01   1.2297142e+01   4.8552689e+00   2.1067232e+00   6.9187200e-01   5.6951158e-01   3.2582452e-01   1.7144661e-01   1.0000000e-01   2.3868326e-01
   8.6366087e+00   6.7407700e+00   3.2349730e+00   1.6605646e+00   1.1666667e+00   4.1875236e-01   2.6111648e-01   2.2270150e-01   1.4070529e-01   1.4070529e-01
   4.3696625e+01   3.4903827e+01   1.7814862e+01   7.3664473e+00   2.1129710e+00   7.6929720e-01   4.6914924e-01   1.4070529e-01   2.6111648e-01   1.4070529e-01
   1.5311773e+01   6.6414295e+00   5.3281793e+00   1.6877455e+00   1.7002377e+00   6.3595947e-01   4.5571567e-01   1.7144661e-01   2.1904291e-01   2.1904291e-01
   4.1305020e+01   2.0448632e+01   1.1239792e+01   1.2403160e+01   3.7397537e+00   6.0727908e-01   5.1039695e-01   3.7321968e-01   2.6111648e-01   3.9936819e-01
   1.8927856e+01   9.0893377e+00   8.3599333e+00   2.8593105e+00   5.0000000e-01   0.0000000e+00   1.0000000e-01   1.4070529e-01   0.0000000e+00   1.4070529e-01
   1.6760521e+01   1.5088195e+01   8.5430047e+00   6.3012825e+00   6.0727908e-01   4.0439505e-01   4.4164523e-01   2.3868326e-01   1.7144661e-01   1.7144661e-01
   5.9466993e+00   3.4817127e+00   4.0261143e+00   8.0271006e-01   4.0837198e-01   0.0000000e+00   0.0000000e+00   0.0000000e+00   1.4070529e-01   0.0000000e+00
   1.1463825e+01   6.6970444e+00   8.0761777e+00   3.0053152e+00   2.0865127e+00   1.0695038e+00   1.0000000e-01   1.7144661e-01   1.9694639e-01   0.0000000e+00
   4.6516828e+01   2.4543219e+01   2.6595881e+01   1.2092672e+01   1.1522486e+00   7.0000000e-01   0.0000000e+00   1.0000000e-01   1.0000000e-01   1.4070529e-01
   1.0931726e+01   7.7039672e+00   5.9344568e+00   4.0025245e+00   1.8822671e+00   0.0000000e+00   2.2270150e-01   1.7144661e-01   1.0000000e-01   1.4070529e-01
   2.4250578e+02   2.2028329e+02   1.5477083e+02   7.9987077e+01   6.5294573e+01   1.8449634e+01   2.4427795e+00   1.7144661e-01   2.5643240e-01   1.4070529e-01
   1.0008199e+01   6.6742684e+00   5.7622597e+00   2.8014967e+00   8.2265891e-01   8.9080601e-01   3.7118429e-01   1.0000000e-01   0.0000000e+00   1.0000000e-01
   5.3387378e+00   5.8031688e+00   1.7936758e+00   1.5947832e+00   3.0000000e-01   0.0000000e+00   3.0000000e-01   2.4287836e-01   1.7144661e-01   2.6111648e-01
   5.0055253e+01   2.6891995e+01   1.5188832e+01   9.2304886e+00   2.8143930e+00   8.0403025e-01   1.7144661e-01   1.0000000e-01   1.0000000e-01   1.4070529e-01
   8.9271519e+00   5.3428324e+00   5.4163613e+00   2.7030847e+00   2.2270150e-01   2.2270150e-01   0.0000000e+00   1.4070529e-01   0.0000000e+00   1.0000000e-01
   6.2467507e+01   4.9078276e+01   3.2453508e+01   2.2366552e+01   1.3377242e+01   1.0289246e+01   1.1966283e+00   3.2582452e-01   1.7144661e-01   2.5643240e-01
   3.5767346e+00   2.0689137e+00   4.0226129e+00   1.0732750e+00   8.0428147e-01   5.0612411e-01   3.1204765e-01   1.9694639e-01   2.5643240e-01   2.3868326e-01
   5.1665591e+00   3.5262221e+00   3.2032023e+00   7.0574840e-01   9.3203373e-01   4.1438771e-01   3.2582452e-01   1.4070529e-01   2.6111648e-01   1.7144661e-01
   2.3287019e+01   1.6839516e+01   2.9018949e+01   1.3261260e+01   7.6572802e+00   1.9074283e+00   5.8697994e-01   3.6735473e-01   2.3868326e-01   3.3333333e-01
   5.7826892e+00   3.5760144e+00   1.3000000e+00   1.6514456e+00   2.0000000e-01   3.0000000e-01   3.1204765e-01   1.0000000e-01   1.0000000e-01   1.7144661e-01
   1.9537728e+01   9.0105662e+00   1.1814218e+01   7.9374512e+00   4.1875236e-01   3.5887028e-01   2.0000000e-01   1.7144661e-01   1.4070529e-01   1.0000000e-01
   6.3593088e+00   5.4334821e+00   5.8041782e+00   2.8099930e+00   5.0891050e-01   5.6666667e-01   2.4287836e-01   2.7265992e-01   1.7144661e-01   2.1904291e-01
   4.9011543e+00   4.8937808e+00   4.7871355e+00   2.7638357e+00   2.6111648e+00   1.4240006e+00   6.0394327e-01   1.4070529e-01   2.7265992e-01   1.0000000e-01
   5.7627417e+00   3.1188414e+00   2.7819585e+00   9.0848970e-01   1.2460442e+00   6.3714959e-01   3.3874397e-01   1.9694639e-01   2.3868326e-01   3.0151134e-01
   6.0859500e+00   4.7636990e+00   6.0566017e+00   1.1218221e+00   1.6700269e+00   1.1202453e+00   2.2270150e-01   1.9694639e-01   1.4070529e-01   1.9694639e-01
   1.7830572e+00   1.5731009e+00   1.2742595e+00   8.2901914e-01   4.5159649e-01   4.0439505e-01   2.6111648e-01   1.9694639e-01   3.2659863e-01   2.1904291e-01
   1.6613476e+01   1.6715371e+01   3.8643149e+00   4.0850924e+00   1.5869098e+00   2.8141059e-01   2.2270150e-01   2.2270150e-01   0.0000000e+00   2.1904291e-01
   1.4625231e+01   1.4938067e+01   6.1533517e+00   3.6626838e+00   7.6567789e-01   2.9729420e-01   4.2390679e-01   1.7144661e-01   1.7144661e-01   1.7144661e-01
   3.3697855e+00   2.2575575e+00   1.5274922e+00   1.0889250e+00   6.4698212e-01   1.0000000e-01   1.9694639e-01   1.4070529e-01   1.4070529e-01   2.8762349e-01
   1.2114954e+01   3.0911408e+00   2.3535059e+00   2.0872630e+00   1.2214828e+00   6.5712874e-01   2.9318867e-01   2.1904291e-01   1.0000000e-01   1.7144661e-01
   3.2327085e+00   5.8637734e-01   4.5159649e-01   4.4221664e-01   5.3710786e-01   5.5084875e-01   3.7859389e-01   1.9694639e-01   0.0000000e+00   1.4070529e-01
   4.6745712e+00   3.5008801e+00   2.5990480e+00   2.6448158e+00   1.1286445e+00   0.0000000e+00   2.0000000e-01   3.0748245e-01   1.0000000e-01   1.4070529e-01
   6.9225441e+00   4.2211110e+00   1.3000000e+00   2.3154073e+00   3.0000000e-01   1.0000000e+00   7.1095327e-01   2.0000000e-01   1.0000000e-01   1.7144661e-01
   7.5371136e-01   8.2013795e-01   7.3930079e-01   4.0439505e-01   2.2270150e-01   1.0000000e-01   1.4070529e-01   1.9694639e-01   1.9694639e-01   1.7144661e-01
   1.1331301e+01   6.5761737e+00   4.6461019e+00   4.2669863e+00   7.5878691e-01   2.8141059e-01   3.0000000e-01   1.4070529e-01   1.0000000e-01   1.0000000e-01
   1.1940979e+01   1.1026488e+01   8.2864073e+00   2.0619448e+00   1.1708151e+00   2.0000000e-01   3.7859389e-01   1.9694639e-01   2.8762349e-01   1.9694639e-01
   2.2942993e+01   1.0521186e+01   6.1430753e-01   4.3075691e+00   8.0522285e-01   0.0000000e+00   0.0000000e+00   1.4070529e-01   0.0000000e+00   0.0000000e+00
   3.1089802e+00   6.9050121e+00   5.6461303e+00   2.3843768e+00   2.3980421e+00   2.8141059e-01   2.2270150e-01   2.7265992e-01   1.4070529e-01   1.4070529e-01
   1.5768528e+00   1.2583057e+00   1.1214619e+00   1.5473666e+00   4.1875236e-01   1.0000000e-01   1.7144661e-01   1.4070529e-01   0.0000000e+00   1.4070529e-01
   6.1404027e+00   4.1866913e+00   1.7313217e+00   2.8141059e-01   1.3074766e+00   7.6567789e-01   3.1204765e-01   2.0000000e-01   1.9694639e-01   1.4070529e-01
   1.4905073e+01   4.8252178e+00   3.2470033e+00   1.0541194e+01   3.3787661e+00   9.7747355e-01   5.6889047e-01   3.5547663e-01   1.9694639e-01   2.5643240e-01
   1.1680010e+01   8.7745960e+00   2.5798559e+00   3.2662337e+00   9.2436164e-01   2.0000000e-01   3.1204765e-01   2.9729420e-01   1.0000000e-01   1.4070529e-01
   6.8338433e+00   1.0745053e+01   7.0212592e+00   4.0675608e+00   7.1145036e-01   3.1204765e-01   0.0000000e+00   0.0000000e+00   2.7265992e-01   1.4070529e-01
   5.6176040e+00   3.1440018e+00   1.9748673e+00   2.0815689e+00   9.6791977e-01   3.7118429e-01   4.3808583e-01   2.6111648e-01   1.7144661e-01   3.1446604e-01
   2.8499690e+00   1.0313764e+00   9.8159837e-01   8.5611290e-01   6.6810451e-01   3.1526804e-01   1.0000000e-01   2.1904291e-01   1.7144661e-01   1.9694639e-01
   8.5084391e+00   6.1051394e+00   6.8626054e+00   5.0801654e+00   4.9874185e+00   4.1499544e+00   3.2286595e+00   4.5516120e-01   1.7144661e-01   1.7144661e-01
   6.4611894e+01   7.3080453e+01   4.2713852e+01   2.2617726e+01   5.2042717e+00   1.2148492e+00   6.1783264e-01   1.7144661e-01   0.0000000e+00   1.9694639e-01
   1.8822671e+00   1.2633129e+00   1.5602059e+00   7.7713538e-01   9.8118667e-01   0.0000000e+00   2.8141059e-01   1.0000000e-01   1.0000000e-01   1.7144661e-01
   2.5270424e+01   1.2826248e+01   4.7384522e+00   3.0496729e+00   7.0667810e-01   9.3046095e-01   4.7937249e-01   2.1904291e-01   1.0000000e-01   1.7144661e-01
   6.0596696e+00   6.5354588e+00   4.0326947e+00   5.4359076e+00   7.7400963e-01   5.4411452e-01   3.7321968e-01   2.1904291e-01   2.9318867e-01   1.9694639e-01
   6.7485502e+00   4.5909331e+00   3.4956105e+00   1.3649287e+00   1.1198846e+00   4.8658779e-01   4.0898989e-01   2.3868326e-01   3.4873509e-01   2.7265992e-01
   2.8746717e+00   2.5429443e+00   1.4093483e+00   7.3333333e-01   8.2944548e-01   3.0000000e-01   0.0000000e+00   1.0000000e-01   1.0000000e-01   1.4070529e-01
   5.4048239e+00   4.1601282e+00   1.9662557e+00   2.2104207e+00   2.1195340e+00   8.3333333e-01   1.0000000e-01   1.0000000e-01   1.4070529e-01   1.0000000e-01
   3.2946084e+00   3.3961357e+00   4.4935307e+00   8.5280287e-01   3.0000000e-01   2.4287836e-01   2.0000000e-01   2.1904291e-01   1.7144661e-01   1.7144661e-01
   1.0310978e+01   1.2329909e+01   8.8567671e+00   8.5189924e+00   4.4187274e+00   1.4451242e+00   4.2390679e-01   1.4070529e-01   0.0000000e+00   1.0000000e-01
   1.0096999e+01   1.0963203e+01   4.9161042e+00   1.8083979e+00   2.5496286e+00   3.0000000e-01   1.0000000e-01   1.4070529e-01   1.0000000e-01   2.2270150e-01
   1.0698343e+00   1.1492202e+00   8.0018937e-01   5.9083916e-01   5.4855181e-01   3.1526804e-01   0.0000000e+00   0.0000000e+00   0.0000000e+00   1.0000000e-01
   2.6536805e+00   4.9020713e-01   1.0415121e+00   4.5159649e-01   5.1980960e-01   3.7859389e-01   1.7144661e-01   0.0000000e+00   1.0000000e-01   0.0000000e+00
   4.0680724e+02   3.5287768e+02   1.0897473e+02   7.4583733e+01   2.1456978e+01   2.3000000e+00   3.0000000e-01   1.0000000e-01   1.4070529e-01   0.0000000e+00
   5.7408249e+00   3.1109289e+00   1.7580981e+00   1.5495519e+00   3.7118429e-01   5.0891050e-01   1.0000000e-01   2.1904291e-01   1.0000000e-01   1.0000000e-01
   9.2734606e+00   1.2049942e+01   1.1009528e+01   5.6161653e+00   1.3862237e+00   3.7118429e-01   1.0000000e-01   1.4070529e-01   1.0000000e-01   2.6111648e-01
   1.2161751e+01   1.2431046e+01   1.0550963e+01   5.1366282e+00   2.3176094e+00   3.8138504e+00   7.2083005e-01   3.9936819e-01   3.6735473e-01   2.7779798e-01
   5.2981796e-01   4.9020713e-01   3.7118429e-01   4.7736651e-01   1.4070529e-01   2.0000000e-01   2.0000000e-01   0.0000000e+00   1.4070529e-01   1.0000000e-01
   3.0308015e+00   2.4818330e+00   1.4299820e+00   9.7835153e-01   4.0000000e-01   4.1132945e-01   1.0000000e-01   0.0000000e+00   1.4070529e-01   0.0000000e+00
   6.3157651e+00   5.2637890e+00   2.7024867e+00   3.1956252e+00   1.7580981e+00   1.3274111e+00   4.1875236e-01   2.1904291e-01   2.3868326e-01   2.3868326e-01
   3.5642869e+00   2.7159090e+00   1.7722895e+00   6.4157319e-01   7.7849894e-01   2.2270150e-01   1.0000000e-01   1.4070529e-01   1.0000000e-01   1.7144661e-01
   1.1036555e+01   2.1911106e+01   1.0867169e+01   4.7543282e+00   2.2888399e+00   8.7956601e-01   2.9729420e-01   3.2952368e-01   1.4070529e-01   1.4070529e-01
   3.7222632e+01   2.5760796e+01   7.2897049e+00   2.5358839e+00   1.0758600e+00   3.7118429e-01   4.7343576e-01   2.9318867e-01   2.7779798e-01   1.7144661e-01
   1.1923578e+00   6.6696963e-01   1.0286305e+00   2.0000000e-01   2.4287836e-01   2.2270150e-01   3.1204765e-01   0.0000000e+00   2.7779798e-01   0.0000000e+00
   2.1741791e+01   1.2855133e+01   1.1203733e+01   8.4182282e+00   2.1390784e+00   1.7563449e+00   3.5547663e-01   1.4070529e-01   1.0000000e-01   0.0000000e+00
   1.2394704e+01   7.0029143e+00   8.2907457e+00   4.2547537e+00   1.8807639e+00   6.9128778e-01   1.0000000e-01   1.4070529e-01   1.4070529e-01   1.0000000e-01
   7.1167465e+00   5.9592132e+00   5.4225493e+00   3.8596069e+00   1.1459194e+00   5.7022058e-01   2.7779798e-01   2.3868326e-01   2.3868326e-01   1.9694639e-01
   1.9820151e+00   1.4114968e+00   5.8049091e-01   6.1496489e-01   4.6449712e-01   2.0000000e-01   1.0000000e-01   0.0000000e+00   1.0000000e-01   1.0000000e-01
   7.0667810e-01   1.0859525e+00   3.7118429e-01   1.0000000e-01   3.5887028e-01   0.0000000e+00   0.0000000e+00   1.0000000e-01   1.0000000e-01   1.7144661e-01
   2.7486636e+00   3.2208130e+00   1.7259458e+00   1.1198846e+00   7.7400963e-01   3.1526804e-01   2.1904291e-01   1.9694639e-01   2.6111648e-01   1.7144661e-01
   2.0410930e+00   1.9188328e+00   7.5718778e-01   6.8725776e-01   6.2409530e-01   3.4289322e-01   2.9729420e-01   1.0000000e-01   1.7144661e-01   0.0000000e+00
   2.2388092e+01   2.2420004e+01   9.1673553e+00   5.4544579e+00   2.6199699e+00   7.5605302e-01   2.4287836e-01   2.4287836e-01   1.7144661e-01   1.0000000e-01
   5.1444881e+00   3.8122079e+00   2.0548047e+00   9.1805680e-01   1.4070529e-01   0.0000000e+00   1.0000000e-01   0.0000000e+00   1.4070529e-01   1.4070529e-01
   2.3442170e+00   2.6590041e+00   1.7602514e+00   7.8778554e-01   7.2502177e-01   3.6735473e-01   1.4070529e-01   1.4070529e-01   1.7144661e-01   1.0000000e-01
   4.2566525e+00   4.9850686e+00   2.8515457e+00   1.7837652e+00   1.0747798e+00   4.6395315e-01   3.3333333e-01   2.3868326e-01   0.0000000e+00   1.7144661e-01
   7.4699330e+00   5.0614307e+00   8.0977550e+00   4.1415729e+00   7.0000000e-01   2.8128673e+00   2.8141059e-01   1.4070529e-01   1.4070529e-01   1.7144661e-01
   1.8552410e+00   1.9676936e+00   9.8350024e-01   1.0657193e+00   3.7118429e-01   4.8575673e-01   0.0000000e+00   1.4070529e-01   1.7144661e-01   1.4070529e-01
   4.0261143e+00   4.7479501e+00   2.4824841e+00   1.6908548e+00   7.7034690e-01   2.4287836e-01   1.7144661e-01   1.9694639e-01   2.3868326e-01   1.9694639e-01
   1.1876209e+01   1.2231186e+01   4.0312416e+00   2.6956568e+00   1.1730992e+00   5.6282118e-01   3.0000000e-01   1.0000000e-01   2.9318867e-01   1.0000000e-01
   6.5447643e+00   3.9357979e+00   2.9811529e+00   2.3744431e+00   1.0685589e+00   4.9020713e-01   3.2582452e-01   1.4070529e-01   1.9694639e-01   1.4070529e-01
   3.9379531e+00   3.5228547e+00   1.8586408e+00   1.1898561e+00   1.4791138e+00   3.0000000e-01   0.0000000e+00   2.1904291e-01   1.4070529e-01   2.5643240e-01
   6.6780206e+00   4.4195502e+00   2.2754509e+00   1.1268531e+00   2.4287836e-01   1.0000000e-01   1.0000000e-01   1.7144661e-01   1.4070529e-01   1.9694639e-01
   1.4913298e+01   1.7539851e+01   9.1698397e+00   8.8603076e+00   8.5463915e+00   1.3939262e+00   8.6520856e-01   3.2082595e-01   3.3874397e-01   4.3298354e-01
   7.4833148e-01   4.0000000e-01   4.2211588e-01   4.4221664e-01   2.8141059e-01   2.9729420e-01   1.9694639e-01   1.7144661e-01   1.4070529e-01   0.0000000e+00
   6.2616679e+00   5.8589136e+00   2.5412953e+00   1.5377735e+00   4.5159649e-01   4.5516120e-01   2.9318867e-01   1.7144661e-01   2.1904291e-01   2.3868326e-01
   3.9371507e+01   1.7148784e+01   2.5520449e+01   1.3955467e+01   6.0494594e+00   2.9164112e+00   4.2864598e-01   3.5090072e-01   3.7321968e-01   5.1980960e-01
   6.8510487e+00   4.4185559e+00   4.8154948e+00   1.8796894e+00   1.0055904e+00   6.3397097e-01   5.4122943e-01   1.0000000e-01   0.0000000e+00   0.0000000e+00
   5.3886806e+00   5.3209231e+00   3.9788710e+00   2.5736819e+00   9.3608901e-01   6.1134064e-01   2.4287836e-01   1.0000000e-01   1.4070529e-01   1.4070529e-01
   2.2817679e+00   3.8752647e+00   1.5200678e+00   2.7362881e+00   2.0000000e-01   1.0000000e-01   4.7183288e-01   2.1904291e-01   1.7144661e-01   1.0000000e-01
   8.7680550e-01   2.9729420e-01   0.0000000e+00   5.0000000e-01   2.0000000e-01   0.0000000e+00   2.4287836e-01   1.4070529e-01   1.9694639e-01   1.4070529e-01
   6.0353420e+00   3.8103527e+00   6.6810451e-01   9.5658272e-01   6.6241066e-01   5.8049091e-01   1.0000000e-01   1.0000000e-01   1.7144661e-01   0.0000000e+00
   1.6249009e+00   8.0018937e-01   2.8141059e-01   7.0036066e-01   1.0000000e-01   3.2952368e-01   3.1204765e-01   1.4070529e-01   1.0000000e-01   1.0000000e-01
   1.5467137e+00   9.4942832e-01   9.1695588e-01   7.6567789e-01   3.5887028e-01   0.0000000e+00   1.7144661e-01   1.0000000e-01   1.7144661e-01   1.9694639e-01
   6.6238919e+01   4.1410466e+01   4.6787381e+01   1.8626678e+01   1.8840798e+01   2.8082670e+00   3.1446604e-01   1.0000000e-01   2.3868326e-01   2.7265992e-01
   8.7067836e+00   8.9730235e+00   5.5605028e+00   5.1648677e+00   1.8640675e+00   2.8141059e-01   1.0000000e-01   1.0000000e-01   1.9694639e-01   0.0000000e+00
   5.3943105e+00   2.8062700e+00   4.7379406e+00   1.4927096e+00   8.2504974e-01   2.9729420e-01   3.5887028e-01   3.1204765e-01   2.6111648e-01   4.4164523e-01
   1.6165029e+02   1.1767941e+02   4.8385861e+01   1.6074734e+01   3.0030960e+00   2.0000000e-01   1.0000000e-01   0.0000000e+00   1.0000000e-01   1.4070529e-01
   1.9608285e+00   1.8108539e+00   8.5303972e-01   6.7651812e-01   5.3710786e-01   6.6507385e-01   0.0000000e+00   2.3868326e-01   1.4070529e-01   1.9694639e-01
   3.1204765e-01   0.0000000e+00   0.0000000e+00   3.0000000e-01   0.0000000e+00   3.5887028e-01   3.7118429e-01   1.7144661e-01   1.0000000e-01   1.0000000e-01
   2.0124863e+00   2.3973681e+00   2.1922499e+00   6.6810451e-01   6.4970856e-01   2.0000000e-01   3.1204765e-01   1.7144661e-01   2.1904291e-01   2.1904291e-01
   1.9872320e+00   1.1554001e+00   1.2637526e+00   4.0837198e-01   4.6449712e-01   2.0000000e-01   1.0000000e-01   1.7144661e-01   2.9729420e-01   1.7144661e-01
   2.5997280e+01   3.9358395e+01   2.9111730e+01   2.7053204e+01   1.1000000e+00   5.3663749e-01   2.9729420e-01   2.1904291e-01   3.5547663e-01   2.6111648e-01
   6.9478577e-01   4.6449712e-01   1.2236722e+00   1.4612503e+00   8.5155829e-01   1.0000000e-01   1.7144661e-01   1.7144661e-01   2.9318867e-01   1.7144661e-01
   7.6929720e-01   7.1145036e-01   3.0000000e-01   2.0000000e-01   2.0000000e-01   1.4070529e-01   1.9694639e-01   1.0000000e-01   1.7144661e-01   1.7144661e-01
   2.0216732e+01   9.3628268e+00   8.0276291e+00   3.0573475e+00   1.1381360e+00   3.7118429e-01   3.2582452e-01   1.0000000e-01   1.9694639e-01   1.0000000e-01
   3.3528369e+00   2.6718888e+00   3.1778749e+00   2.0552716e+00   1.5261690e+00   6.0000000e-01   1.0000000e-01   1.7144661e-01   1.7144661e-01   1.9694639e-01
   1.1825717e+01   1.0892422e+01   5.6666667e+00   2.8593105e+00   1.2133933e+00   8.0754022e-01   1.0000000e-01   2.1904291e-01   1.4070529e-01   1.0000000e-01
   5.5068277e+00   5.0200708e+00   5.0071767e+00   2.7150162e+00   3.1204765e-01   3.0000000e-01   1.0000000e-01   1.9694639e-01   1.7144661e-01   0.0000000e+00
   2.6264198e+00   1.8511258e+00   1.6799170e+00   1.4521318e+00   1.4791138e+00   2.9729420e-01   4.4540301e-01   2.4287836e-01   0.0000000e+00   0.0000000e+00
   2.0105530e+00   1.1360040e+00   9.0028054e-01   1.0261234e+00   4.9756985e-01   3.7118429e-01   2.4287836e-01   1.0000000e-01   2.1904291e-01   1.7144661e-01
   2.8309195e+01   2.1903959e+01   1.2853235e+01   7.8732061e+00   3.6666667e+00   1.2048303e+00   6.2571172e-01   2.5643240e-01   1.0000000e-01   1.0000000e-01
   2.1560111e+00   1.1811226e+00   1.0742157e+00   8.2535575e-01   6.0727908e-01   0.0000000e+00   4.6449712e-01   2.3868326e-01   2.9318867e-01   1.0000000e-01
   1.3279817e+00   7.7921224e-01   1.1268531e+00   6.6141874e-01   4.6449712e-01   2.0000000e-01   2.8141059e-01   1.4070529e-01   1.9694639e-01   1.0000000e-01
   1.4856553e+00   9.7669821e-01   1.0882290e+00   5.9721576e-01   3.1526804e-01   3.7859389e-01   3.3333333e-01   2.3868326e-01   1.4070529e-01   2.1904291e-01
   1.8567649e+00   2.7986108e+00   3.9414400e+00   1.0785325e+00   1.2798358e+00   4.0000000e-01   1.0000000e-01   2.3868326e-01   2.1904291e-01   2.5643240e-01
   4.3216509e+00   4.1449860e+00   5.7457582e+00   1.5576141e+00   1.7698656e+00   2.8141059e-01   2.8141059e-01   2.2270150e-01   1.0000000e-01   1.7144661e-01
   1.3706888e+00   1.1950656e+00   8.9188259e-01   3.1526804e-01   4.5516120e-01   1.0000000e-01   0.0000000e+00   1.0000000e-01   1.0000000e-01   1.4070529e-01
   8.0894681e+00   4.3257626e+00   2.0949916e+00   3.5590828e+00   7.7400963e-01   2.4287836e-01   1.0000000e-01   1.0000000e-01   1.7144661e-01   1.4070529e-01
   3.0000000e-01   1.7826039e+00   2.1267655e+00   1.0150384e+00   7.2047964e-01   4.2390679e-01   4.2687495e-01   2.6111648e-01   1.0000000e-01   1.9694639e-01
   1.1043989e+00   7.2863509e-01   1.6022711e+00   6.1134064e-01   1.0000000e-01   3.5547663e-01   1.4070529e-01   1.7144661e-01   1.0000000e-01   1.0000000e-01
   1.3876803e+00   1.4531053e+00   1.2085136e+00   4.5571567e-01   3.1526804e-01   1.4070529e-01   1.7144661e-01   0.0000000e+00   1.4070529e-01   1.4070529e-01
   4.6904584e+01   3.5316078e+01   6.0512908e+01   5.3808043e+01   1.2949081e+01   1.6396600e+00   0.0000000e+00   0.0000000e+00   1.4070529e-01   0.0000000e+00
   4.7337601e+00   2.5082490e+00   2.4407318e+00   5.8049091e-01   8.0000000e-01   0.0000000e+00   2.6111648e-01   1.4070529e-01   2.3868326e-01   2.1904291e-01
   4.7049941e+00   1.7972763e+00   3.1232429e+00   2.6048905e+00   8.3333333e-01   2.0000000e-01   0.0000000e+00   1.9694639e-01   2.1904291e-01   2.1904291e-01
   8.7408480e+00   5.6284271e+00   8.6321633e+00   3.8345057e+00   1.0058415e+00   6.4165191e-01   3.9936819e-01   2.1904291e-01   2.3868326e-01   1.7144661e-01
   2.1737414e+00   1.5665700e+00   1.2007994e+00   1.0647710e+00   6.9478577e-01   3.0000000e-01   1.0000000e-01   1.7144661e-01   1.0000000e-01   1.7144661e-01
   6.8891585e+00   3.8034540e+00   4.2725811e+00   2.8351866e+00   1.0179699e+00   8.4423176e-01   1.1357817e+00   1.4070529e-01   1.4070529e-01   1.0000000e-01
   1.2704712e+01   1.7126375e+01   7.4440947e+00   1.4722689e+00   2.0629243e+00   7.2995088e-01   4.8523659e-01   2.5643240e-01   1.4070529e-01   1.9694639e-01
   2.5671586e+00   1.1621558e+00   2.6691466e+00   2.0768080e+00   6.5904737e-01   3.0000000e-01   1.0000000e-01   1.7144661e-01   1.4070529e-01   2.1904291e-01
   7.3436566e-01   4.9020713e-01   1.3641884e+00   4.6449712e-01   6.6507385e-01   0.0000000e+00   2.0000000e-01   1.4070529e-01   0.0000000e+00   1.0000000e-01
   2.9856729e+00   3.8077009e+00   2.1759707e+00   1.1396881e+00   6.8578643e-01   4.0000000e-01   2.2270150e-01   3.0748245e-01   2.3868326e-01   0.0000000e+00
   9.8395769e+00   4.5184694e+00   3.6995768e+00   4.9434274e+00   2.7464394e+00   1.1684402e+00   2.4287836e-01   1.4070529e-01   2.5643240e-01   1.9694639e-01
   2.6977544e+00   7.1166330e+00   3.3275556e+00   5.7801821e+00   2.3910608e+00   2.5429443e+00   3.5887028e-01   1.9694639e-01   1.4070529e-01   1.7144661e-01
   2.8141059e-01   0.0000000e+00   1.0000000e-01   1.0000000e-01   0.0000000e+00   1.0000000e-01   0.0000000e+00   0.0000000e+00   1.4070529e-01   0.0000000e+00
   1.1020642e+00   5.8005573e-01   1.2153895e+00   4.0837198e-01   8.6893642e-01   2.6111648e-01   1.0000000e-01   1.0000000e-01   1.7144661e-01   1.7144661e-01
   1.9403998e+00   1.9387333e+00   2.0465295e+00   1.4633571e+00   1.0219312e+00   7.0667810e-01   3.5887028e-01   1.4070529e-01   0.0000000e+00   1.4070529e-01
   2.8141059e-01   1.1770533e+00   3.3126022e+00   1.1043989e+00   1.1020642e+00   5.5084875e-01   3.8924947e-01   1.9694639e-01   0.0000000e+00   1.4070529e-01
   1.9694639e-01   0.0000000e+00   2.1904291e-01   1.0000000e-01   1.7144661e-01   0.0000000e+00   1.9694639e-01   1.0000000e-01   1.9694639e-01   1.0000000e-01
   2.9318867e-01   3.0748245e-01   1.7144661e-01   2.4287836e-01   3.2082595e-01   1.0000000e-01   0.0000000e+00   1.0000000e-01   1.4070529e-01   1.0000000e-01
   0.0000000e+00   0.0000000e+00   0.0000000e+00   0.0000000e+00   0.0000000e+00   0.0000000e+00   1.7144661e-01   2.5643240e-01   0.0000000e+00   1.7144661e-01
   1.0000000e-01   0.0000000e+00   0.0000000e+00   0.0000000e+00   0.0000000e+00   1.0000000e-01   0.0000000e+00   1.0000000e-01   0.0000000e+00   0.0000000e+00
   2.3868326e-01   2.1904291e-01   2.1904291e-01   1.9694639e-01   2.7265992e-01   3.0151134e-01   1.9694639e-01   1.4070529e-01   1.9694639e-01   1.9694639e-01
