   2.6500000e+00   8.8000000e-01   6.1000000e-01   1.5000000e-01   5.0000000e-02   6.0000000e-02   7.0000000e-02   2.0000000e-02   4.0000000e-02   3.0000000e-02
   1.9400000e+00   1.2100000e+00   3.9000000e-01   2.2000000e-01   1.0000000e-01   3.0000000e-02   1.0000000e-02   3.0000000e-02   3.0000000e-02   5.0000000e-02
   6.7000000e-01   4.0000000e-01   1.5000000e-01   2.8000000e-01   4.0000000e-02   0.0000000e+00   6.0000000e-02   2.0000000e-02   3.0000000e-02   1.0000000e-02
   3.2000000e-01   8.0000000e-02   1.3000000e-01   5.0000000e-02   9.0000000e-02   3.0000000e-02   1.0000000e-02   1.0000000e-02   2.0000000e-02   2.0000000e-02
   1.1500000e+00   9.4000000e-01   2.4000000e-01   2.0000000e-01   1.3000000e-01   3.0000000e-02   3.0000000e-02   2.0000000e-02   1.0000000e-02   1.0000000e-02
   1.0900000e+01   9.0200000e+00   1.4300000e+00   2.3600000e+00   3.3000000e-01   8.0000000e-02   7.0000000e-02   4.0000000e-02   4.0000000e-02   4.0000000e-02
   2.0620000e+01   8.6500000e+00   5.4800000e+00   2.3000000e+00   5.0000000e-01   2.0000000e-01   2.0000000e-02   5.0000000e-02   0.0000000e+00   2.0000000e-02
   8.2200000e+00   3.6100000e+00   2.1000000e+00   1.2300000e+00   1.2000000e-01   3.0000000e-02   2.0000000e-02   5.0000000e-02   1.0000000e-02   1.0000000e-02
   4.5500000e+00   2.1900000e+00   7.4000000e-01   3.7000000e-01   1.3000000e-01   5.0000000e-02   2.0000000e-02   2.0000000e-02   4.0000000e-02   2.0000000e-02
   8.0000000e-02   8.0000000e-02   1.1000000e-01   9.0000000e-02   0.0000000e+00   8.0000000e-02   4.0000000e-02   2.0000000e-02   0.0000000e+00   4.0000000e-02
   9.7000000e-01   7.3000000e-01   4.3000000e-01   2.6000000e-01   1.9000000e-01   8.0000000e-02   3.0000000e-02   2.0000000e-02   3.0000000e-02   4.0000000e-02
   6.8000000e-01   5.1000000e-01   2.9000000e-01   2.2000000e-01   1.7000000e-01   1.0000000e-01   1.0000000e-01   0.0000000e+00   5.0000000e-02   0.0000000e+00
   3.3000000e+00   1.2300000e+00   1.0500000e+00   4.8000000e-01   2.3000000e-01   1.9000000e-01   1.1000000e-01   1.0000000e-02   2.0000000e-02   4.0000000e-02
   2.1260000e+01   8.4300000e+00   5.3400000e+00   1.8300000e+00   4.8000000e-01   1.0000000e-01   4.0000000e-02   5.0000000e-02   9.0000000e-02   9.0000000e-02
   1.5400000e+00   9.1000000e-01   4.4000000e-01   4.7000000e-01   3.0000000e-01   8.0000000e-02   2.0000000e-02   3.0000000e-02   6.0000000e-02   3.0000000e-02
   7.1000000e-01   5.3000000e-01   3.5000000e-01   2.7000000e-01   2.6000000e-01   1.9000000e-01   1.8000000e-01   4.0000000e-02   2.0000000e-02   1.0000000e-02
   6.5000000e-01   7.4000000e-01   3.5000000e-01   1.4000000e-01   1.1000000e-01   2.0000000e-02   4.0000000e-02   2.0000000e-02   2.0000000e-02   1.0000000e-02
   7.6000000e-01   3.2000000e-01   2.4000000e-01   1.5000000e-01   2.0000000e-02   7.0000000e-02   2.0000000e-02   1.0000000e-02   2.0000000e-02   2.0000000e-02
   3.4200000e+00   1.6300000e+00   8.8000000e-01   6.7000000e-01   1.2000000e-01   1.1000000e-01   4.0000000e-02   3.0000000e-02   4.0000000e-02   3.0000000e-02
   9.6000000e+00   1.0320000e+01   3.3700000e+00   0.0000000e+00   1.0600000e+00   1.0000000e-01   1.0000000e-02   3.0000000e-02   1.0000000e-02   1.0000000e-02
   3.0400000e+00   1.4900000e+00   7.8000000e-01   1.2000000e-01   4.1000000e-01   0.0000000e+00   1.0000000e-02   2.0000000e-02   2.0000000e-02   1.0000000e-02
   3.6460000e+01   2.9250000e+01   2.4770000e+01   3.1600000e+00   8.1900000e+00   1.0600000e+00   1.0000000e-01   4.0000000e-02   1.0000000e-02   1.0000000e-02
   7.3000000e-01   2.3000000e-01   0.0000000e+00   0.0000000e+00   1.0000000e-02   0.0000000e+00   3.0000000e-02   2.0000000e-02   1.0000000e-02   1.0000000e-02
   4.1350000e+01   1.3920000e+01   8.3300000e+00   2.4600000e+00   1.0800000e+00   3.6000000e-01   1.3000000e-01   4.0000000e-02   5.0000000e-02   3.0000000e-02
   4.7000000e-01   3.9000000e-01   2.1000000e-01   6.0000000e-02   5.0000000e-02   1.0000000e-02   0.0000000e+00   0.0000000e+00   1.0000000e-02   1.0000000e-02
   2.3760000e+01   7.2200000e+00   2.5900000e+00   1.4700000e+00   3.1000000e-01   1.1000000e-01   4.0000000e-02   6.0000000e-02   2.0000000e-02   9.0000000e-02
   9.8900000e+00   4.5900000e+00   2.1200000e+00   1.2300000e+00   4.9000000e-01   1.0000000e-01   1.0000000e-02   0.0000000e+00   2.0000000e-02   1.0000000e-02
   2.8470000e+01   1.2530000e+01   8.4100000e+00   4.6100000e+00   8.2000000e-01   3.5000000e-01   1.5000000e-01   0.0000000e+00   2.0000000e-02   5.0000000e-02
   4.8000000e+00   2.3000000e+00   1.3700000e+00   1.0000000e+00   2.3000000e-01   2.9000000e-01   7.0000000e-02   7.0000000e-02   1.1000000e-01   6.0000000e-02
   2.8390000e+01   1.4040000e+01   4.7500000e+00   3.5200000e+00   5.7000000e-01   3.5000000e-01   1.7000000e-01   9.0000000e-02   7.0000000e-02   6.0000000e-02
   2.0400000e+00   9.4000000e-01   4.6000000e-01   1.1000000e-01   0.0000000e+00   2.0000000e-02   2.0000000e-02   2.0000000e-02   4.0000000e-02   1.0000000e-02
   1.5730000e+01   1.0470000e+01   4.5800000e+00   7.2000000e-01   4.8000000e-01   4.0000000e-02   2.0000000e-02   6.0000000e-02   3.0000000e-02   3.0000000e-02
   3.0300000e+00   1.4300000e+00   8.3000000e-01   3.4000000e-01   7.0000000e-02   4.0000000e-02   7.0000000e-02   2.0000000e-02   1.0000000e-02   4.0000000e-02
   1.3890000e+01   5.9200000e+00   3.8900000e+00   2.2800000e+00   5.1000000e-01   1.5000000e-01   6.0000000e-02   6.0000000e-02   3.0000000e-02   1.0000000e-02
   1.1290000e+01   3.2100000e+00   1.9100000e+00   5.1000000e-01   9.0000000e-02   5.0000000e-02   1.2000000e-01   3.0000000e-02   5.0000000e-02   7.0000000e-02
   1.5500000e+00   1.9700000e+00   4.6000000e-01   4.0000000e-02   2.4000000e-01   3.0000000e-02   1.0000000e-02   0.0000000e+00   1.0000000e-02   2.0000000e-02
   6.0000000e-01   5.5000000e-01   2.0000000e-01   1.4000000e-01   2.3000000e-01   9.0000000e-02   2.0000000e-02   2.0000000e-02   5.0000000e-02   5.0000000e-02
   1.3640000e+01   6.9800000e+00   4.8900000e+00   2.6200000e+00   8.8000000e-01   2.3000000e-01   0.0000000e+00   4.0000000e-02   3.0000000e-02   1.0000000e-02
   9.6400000e+00   4.5700000e+00   1.9800000e+00   1.9900000e+00   4.4000000e-01   2.0000000e-01   1.0000000e-01   3.0000000e-02   2.0000000e-02   4.0000000e-02
   4.0060000e+01   2.4450000e+01   2.5340000e+01   2.2910000e+01   2.9230000e+01   1.3490000e+01   1.7000000e-01   3.0000000e-02   4.0000000e-02   4.0000000e-02
   6.6000000e-01   4.0000000e-01   2.1000000e-01   2.6000000e-01   2.4000000e-01   2.5000000e-01   8.0000000e-02   5.0000000e-02   6.0000000e-02   4.0000000e-02
   5.5000000e-01   3.6000000e-01   2.8000000e-01   1.3000000e-01   1.7000000e-01   5.0000000e-02   2.3000000e-01   2.0000000e-02   2.0000000e-02   2.0000000e-02
   7.5300000e+00   4.3300000e+00   9.6000000e-01   4.8000000e-01   1.1000000e-01   3.0000000e-02   1.1000000e-01   4.0000000e-02   3.0000000e-02   6.0000000e-02
   1.2600000e+00   7.3000000e-01   5.8000000e-01   4.9000000e-01   1.6000000e-01   1.5000000e-01   6.0000000e-02   9.0000000e-02   4.0000000e-02   2.0000000e-02
   6.2500000e+00   3.0800000e+00   1.7200000e+00   1.5700000e+00   7.1000000e-01   5.3000000e-01   1.6000000e-01   7.0000000e-02   3.0000000e-02   6.0000000e-02
   7.7000000e+01   1.6530000e+01   1.3900000e+01   4.0800000e+00   1.7600000e+00   3.3000000e-01   1.4000000e-01   3.0000000e-02   1.0000000e-02   2.0000000e-02
   3.4800000e+00   2.1500000e+00   6.8000000e-01   1.9000000e-01   1.0000000e-01   5.0000000e-02   5.0000000e-02   3.0000000e-02   1.0000000e-02   3.0000000e-02
   8.2300000e+00   5.7300000e+00   4.4900000e+00   1.8400000e+00   6.1000000e-01   2.0000000e-02   7.0000000e-02   9.0000000e-02   7.0000000e-02   1.1000000e-01
   3.0200000e+00   2.1200000e+00   4.9000000e-01   0.0000000e+00   1.8000000e-01   1.3000000e-01   1.2000000e-01   2.0000000e-02   2.0000000e-02   1.0000000e-02
   8.9000000e-01   6.9000000e-01   4.3000000e-01   5.2000000e-01   1.6000000e-01   2.5000000e-01   6.0000000e-02   1.5000000e-01   6.0000000e-02   3.0000000e-02
   1.8000000e-01   9.0000000e-02   2.0000000e-02   2.0000000e-02   0.0000000e+00   0.0000000e+00   2.0000000e-02   1.0000000e-02   1.0000000e-02   2.0000000e-02
   2.9300000e+00   8.8000000e-01   5.0000000e-01   2.7000000e-01   5.0000000e-02   3.0000000e-02   1.0000000e-02   0.0000000e+00   2.0000000e-02   1.0000000e-02
   8.8200000e+00   3.1400000e+00   1.3600000e+00   5.2000000e-01   2.5000000e-01   6.0000000e-02   2.0000000e-02   0.0000000e+00   2.0000000e-02   1.0000000e-02
   2.4000000e-01   1.6000000e-01   3.0000000e-02   7.0000000e-02   5.0000000e-02   2.0000000e-01   4.0000000e-02   2.0000000e-02   5.0000000e-02   8.0000000e-02
   1.6220000e+01   9.2100000e+00   1.9000000e+00   5.6000000e-01   3.8000000e-01   8.0000000e-02   2.0000000e-02   4.0000000e-02   3.0000000e-02   7.0000000e-02
   3.3500000e+00   2.4500000e+00   9.0000000e-01   1.7000000e-01   7.5000000e-01   1.6000000e-01   0.0000000e+00   5.0000000e-02   1.0000000e-02   3.0000000e-02
   5.0100000e+00   1.0600000e+00   5.4000000e-01   3.1000000e-01   1.0000000e-02   6.0000000e-02   7.0000000e-02   3.0000000e-02   5.0000000e-02   4.0000000e-02
   1.2980000e+01   3.3000000e+00   1.8500000e+00   1.1000000e+00   1.4000000e-01   2.0000000e-01   3.0000000e-02   5.0000000e-02   3.0000000e-02   4.0000000e-02
   1.7000000e+00   5.3000000e-01   3.3000000e-01   5.0000000e-02   3.0000000e-02   0.0000000e+00   3.0000000e-02   2.0000000e-02   3.0000000e-02   3.0000000e-02
   4.2000000e-01   1.5000000e-01   1.1000000e-01   5.0000000e-02   9.0000000e-02   7.0000000e-02   1.0000000e-02   4.0000000e-02   6.0000000e-02   8.0000000e-02
   3.0460000e+01   1.2200000e+01   6.6000000e+00   1.0300000e+00   1.8600000e+00   2.1000000e-01   5.0000000e-02   6.0000000e-02   6.0000000e-02   1.0000000e-02
   4.0400000e+00   2.9400000e+00   1.3800000e+00   4.7000000e-01   1.2000000e-01   0.0000000e+00   3.0000000e-02   2.0000000e-02   2.0000000e-02   1.0000000e-02
   1.3020000e+01   5.9400000e+00   1.7800000e+00   1.2700000e+00   1.2000000e-01   2.3000000e-01   5.0000000e-02   6.0000000e-02   1.0000000e-02   2.0000000e-02
   4.6200000e+00   1.3400000e+00   9.7000000e-01   4.9000000e-01   4.6000000e-01   2.2000000e-01   4.0000000e-02   1.0000000e-02   1.0000000e-02   7.0000000e-02
   4.6500000e+00   2.5500000e+00   5.7000000e-01   8.0000000e-01   7.0000000e-02   1.0000000e-01   1.0000000e-02   2.0000000e-02   0.0000000e+00   3.0000000e-02
   1.8900000e+00   8.7000000e-01   5.8000000e-01   3.7000000e-01   2.8000000e-01   2.2000000e-01   5.0000000e-02   4.0000000e-02   5.0000000e-02   5.0000000e-02
   1.1000000e+00   9.4000000e-01   3.9000000e-01   2.4000000e-01   2.4000000e-01   2.0000000e-02   5.0000000e-02   1.0000000e-02   2.0000000e-02   4.0000000e-02
   1.0500000e+00   9.7000000e-01   2.4000000e-01   3.1000000e-01   8.0000000e-02   6.0000000e-02   3.0000000e-02   7.0000000e-02   6.0000000e-02   8.0000000e-02
   1.9020000e+01   4.4500000e+00   3.4300000e+00   1.7700000e+00   3.1000000e-01   5.2000000e-01   9.0000000e-02   2.0000000e-02   4.0000000e-02   5.0000000e-02
   2.5340000e+01   7.4300000e+00   4.1100000e+00   2.4900000e+00   5.5000000e-01   1.0000000e-02   3.0000000e-02   1.0000000e-02   4.0000000e-02   4.0000000e-02
   1.0570000e+01   4.2500000e+00   2.3300000e+00   1.3900000e+00   4.0000000e-01   1.0000000e-02   6.0000000e-02   0.0000000e+00   1.0000000e-02   1.0000000e-02
   3.9300000e+00   1.5800000e+00   5.9000000e-01   1.9000000e-01   3.0000000e-02   7.0000000e-02   6.0000000e-02   3.0000000e-02   4.0000000e-02   2.0000000e-02
   7.6000000e-01   6.6000000e-01   3.5000000e-01   9.0000000e-02   8.0000000e-02   4.0000000e-02   0.0000000e+00   2.0000000e-02   3.0000000e-02   4.0000000e-02
   3.7300000e+00   1.6800000e+00   3.0000000e-01   3.8000000e-01   1.0000000e-02   0.0000000e+00   1.0000000e-02   1.0000000e-02   1.0000000e-02   1.0000000e-02
   1.2620000e+01   3.4500000e+00   2.8500000e+00   2.3800000e+00   1.0100000e+00   3.8000000e-01   1.0000000e-01   3.0000000e-02   1.0000000e-02   4.0000000e-02
   1.8400000e+00   6.0000000e-01   1.6000000e-01   0.0000000e+00   0.0000000e+00   0.0000000e+00   1.0000000e-02   2.0000000e-02   5.0000000e-02   2.0000000e-02
   1.1200000e+00   4.0000000e-01   7.0000000e-02   2.0000000e-02   1.0000000e-02   2.0000000e-02   5.0000000e-02   4.0000000e-02   3.0000000e-02   3.0000000e-02
   3.6000000e-01   3.0000000e-02   1.1000000e-01   5.0000000e-02   0.0000000e+00   0.0000000e+00   4.0000000e-02   2.0000000e-02   4.0000000e-02   3.0000000e-02
   3.9600000e+00   1.6400000e+00   1.0000000e+00   2.1000000e-01   2.5000000e-01   8.0000000e-02   3.0000000e-02   6.0000000e-02   3.0000000e-02   3.0000000e-02
   2.4020000e+01   1.3220000e+01   6.7200000e+00   9.3000000e-01   3.7000000e-01   1.0000000e-02   2.0000000e-02   8.0000000e-02   4.0000000e-02   4.0000000e-02
   1.3345000e+02   3.3180000e+01   1.5350000e+01   6.6000000e-01   4.9600000e+00   1.3000000e-01   2.0000000e-02   0.0000000e+00   5.0000000e-02   1.0000000e-02
   2.5110000e+01   1.0370000e+01   4.9600000e+00   1.4600000e+00   2.5100000e+00   5.6000000e-01   1.0000000e-01   6.0000000e-02   8.0000000e-02   5.0000000e-02
   3.0900000e+00   2.2600000e+00   1.1300000e+00   2.3000000e-01   8.0000000e-02   3.0000000e-02   2.0000000e-02   3.0000000e-02   3.0000000e-02   4.0000000e-02
   1.2500000e+00   7.7000000e-01   2.8000000e-01   7.0000000e-02   2.0000000e-02   2.0000000e-02   2.0000000e-02   3.0000000e-02   2.0000000e-02   2.0000000e-02
   2.3680000e+01   8.3700000e+00   4.0200000e+00   1.3100000e+00   5.9000000e-01   1.9000000e-01   6.0000000e-02   5.0000000e-02   6.0000000e-02   8.0000000e-02
   7.2000000e-01   2.1000000e-01   4.0000000e-02   0.0000000e+00   2.0000000e-02   6.0000000e-02   7.0000000e-02   3.0000000e-02   5.0000000e-02   0.0000000e+00
   1.0100000e+00   1.8000000e-01   2.1000000e-01   7.0000000e-02   0.0000000e+00   3.0000000e-02   2.0000000e-02   3.0000000e-02   6.0000000e-02   4.0000000e-02
   1.3200000e+00   5.4000000e-01   1.0000000e-01   9.0000000e-02   1.1000000e-01   3.0000000e-02   2.0000000e-02   8.0000000e-02   2.0000000e-02   3.0000000e-02
   7.7500000e+00   5.1300000e+00   2.3400000e+00   6.8000000e-01   1.5000000e-01   6.0000000e-02   0.0000000e+00   2.0000000e-02   0.0000000e+00   4.0000000e-02
   5.1300000e+00   2.9800000e+00   9.5000000e-01   1.0700000e+00   7.0000000e-02   0.0000000e+00   6.0000000e-02   4.0000000e-02   3.0000000e-02   3.0000000e-02
   2.9930000e+01   1.4480000e+01   7.0100000e+00   1.0500000e+01   1.3000000e+00   2.7000000e-01   6.0000000e-02   7.0000000e-02   1.0000000e-02   1.0000000e-02
   1.2500000e+00   3.9000000e-01   6.0000000e-02   8.0000000e-02   1.4000000e-01   2.0000000e-02   6.0000000e-02   4.0000000e-02   6.0000000e-02   1.0000000e-02
   5.7400000e+00   2.9200000e+00   1.5000000e+00   4.3000000e-01   7.8000000e-01   3.7000000e-01   1.2000000e-01   8.0000000e-02   8.0000000e-02   6.0000000e-02
   1.1660000e+01   6.5700000e+00   2.8800000e+00   3.6100000e+00   5.6000000e-01   5.0000000e-02   8.0000000e-02   1.0000000e-02   1.0000000e-02   0.0000000e+00
   1.2300000e+00   7.8000000e-01   3.1000000e-01   5.8000000e-01   1.6000000e-01   9.0000000e-02   4.0000000e-02   5.0000000e-02   0.0000000e+00   2.0000000e-02
   3.6000000e-01   6.0000000e-02   9.0000000e-02   2.0000000e-02   0.0000000e+00   4.0000000e-02   4.0000000e-02   9.0000000e-02   2.0000000e-02   4.0000000e-02
   7.7200000e+01   3.1830000e+01   2.2470000e+01   7.9400000e+00   6.6100000e+00   6.4000000e-01   3.3000000e-01   4.0000000e-02   3.0000000e-02   0.0000000e+00
   3.3400000e+00   1.2300000e+00   5.2000000e-01   0.0000000e+00   1.1000000e-01   2.0000000e-02   3.0000000e-02   0.0000000e+00   0.0000000e+00   1.0000000e-02
   5.3100000e+00   3.1300000e+00   1.6200000e+00   6.4000000e-01   4.4000000e-01   1.2000000e-01   6.0000000e-02   4.0000000e-02   3.0000000e-02   2.0000000e-02
   1.7200000e+00   1.0100000e+00   5.4000000e-01   2.0000000e-01   2.1000000e-01   3.0000000e-02   1.0000000e-02   4.0000000e-02   1.0000000e-02   1.0000000e-02
   1.1760000e+01   8.4400000e+00   3.9900000e+00   9.3000000e-01   6.9000000e-01   2.7000000e-01   2.1000000e-01   4.0000000e-02   1.0000000e-02   6.0000000e-02
   1.6700000e+00   9.8000000e-01   4.4000000e-01   3.2000000e-01   7.0000000e-02   5.0000000e-02   1.0000000e-02   3.0000000e-02   3.0000000e-02   2.0000000e-02
   7.3500000e+00   3.1500000e+00   9.6000000e-01   6.8000000e-01   1.1000000e-01   1.0000000e-01   4.0000000e-02   1.0000000e-01   6.0000000e-02   4.0000000e-02
   2.6800000e+01   1.3740000e+01   7.0000000e+00   1.5300000e+00   2.4000000e-01   1.2000000e-01   1.2000000e-01   2.0000000e-02   6.0000000e-02   7.0000000e-02
   8.2920000e+01   2.8340000e+01   1.0780000e+01   1.8000000e+00   4.5000000e-01   4.0000000e-02   4.0000000e-02   7.0000000e-02   7.0000000e-02   5.0000000e-02
   1.5000000e-01   2.0000000e-02   0.0000000e+00   0.0000000e+00   0.0000000e+00   0.0000000e+00   0.0000000e+00   2.0000000e-02   2.0000000e-02   0.0000000e+00
   1.0500000e+01   6.2400000e+00   3.0400000e+00   5.4000000e-01   6.0000000e-01   1.3000000e-01   2.0000000e-02   3.0000000e-02   3.0000000e-02   2.0000000e-02
   1.2820000e+01   9.6600000e+00   5.1600000e+00   1.4700000e+00   1.1300000e+00   3.0000000e-01   2.0000000e-02   1.0000000e-02   3.0000000e-02   6.0000000e-02
   2.8700000e+00   1.4500000e+00   1.1200000e+00   3.0000000e-02   8.0000000e-02   2.0000000e-02   1.0000000e-02   2.0000000e-02   2.0000000e-02   2.0000000e-02
   1.1240000e+01   6.1900000e+00   3.3200000e+00   1.1900000e+00   3.4000000e-01   1.5000000e-01   9.0000000e-02   1.0000000e-02   1.0000000e-02   2.0000000e-02
   6.2000000e-01   4.0000000e-01   1.4000000e-01   1.5000000e-01   2.0000000e-02   3.0000000e-02   0.0000000e+00   0.0000000e+00   2.0000000e-02   0.0000000e+00
   2.0160000e+01   7.5300000e+00   3.1300000e+00   1.1200000e+00   4.0000000e-01   6.0000000e-02   3.0000000e-02   4.0000000e-02   0.0000000e+00   2.0000000e-02
   4.6000000e+00   1.4800000e+00   9.4000000e-01   4.0000000e-01   4.1000000e-01   1.8000000e-01   8.0000000e-02   1.0000000e-02   4.0000000e-02   2.0000000e-02
   1.8450000e+01   5.4500000e+00   1.5800000e+00   4.5000000e-01   3.9000000e-01   3.0000000e-02   1.0000000e-02   0.0000000e+00   2.0000000e-02   1.0000000e-02
   7.2500000e+00   3.2900000e+00   1.3900000e+00   1.5000000e-01   0.0000000e+00   2.0000000e-02   3.0000000e-02   2.0000000e-02   2.0000000e-02   0.0000000e+00
   9.2200000e+00   3.8100000e+00   1.7500000e+00   5.9000000e-01   2.9000000e-01   5.0000000e-02   1.3000000e-01   7.0000000e-02   3.0000000e-02   5.0000000e-02
   1.8850000e+01   6.5800000e+00   3.0800000e+00   5.6000000e-01   1.6000000e-01   4.0000000e-02   5.0000000e-02   2.0000000e-02   6.0000000e-02   5.0000000e-02
   5.7700000e+00   4.8700000e+00   2.5300000e+00   5.5000000e-01   1.1500000e+00   2.5000000e-01   9.0000000e-02   4.0000000e-02   3.0000000e-02   5.0000000e-02
   3.1030000e+01   1.8150000e+01   1.7760000e+01   3.2900000e+00   1.5100000e+00   7.0000000e-02   1.7000000e-01   4.0000000e-02   2.0000000e-02   6.0000000e-02
   7.1000000e-01   2.6000000e-01   2.3000000e-01   7.0000000e-02   1.2000000e-01   5.0000000e-02   1.0000000e-01   3.0000000e-02   4.0000000e-02   4.0000000e-02
   1.7100000e+01   5.2800000e+00   2.0600000e+00   7.5000000e-01   8.0000000e-01   1.3000000e-01   3.0000000e-02   0.0000000e+00   4.0000000e-02   3.0000000e-02
   1.5270000e+01   6.3200000e+00   3.0700000e+00   3.0000000e-01   1.5000000e-01   0.0000000e+00   0.0000000e+00   1.0000000e-02   2.0000000e-02   3.0000000e-02
   5.5470000e+01   4.2400000e+01   5.9400000e+00   4.6800000e+00   2.1900000e+00   5.6000000e-01   1.0000000e-01   2.0000000e-02   1.0000000e-02   1.0000000e-02
   2.5600000e+00   1.3500000e+00   2.9000000e-01   2.7000000e-01   3.0000000e-02   5.0000000e-02   3.0000000e-02   8.0000000e-02   4.0000000e-02   2.0000000e-02
   2.0100000e+00   7.0000000e-01   4.5000000e-01   1.3000000e-01   1.5000000e-01   7.0000000e-02   3.0000000e-02   3.0000000e-02   1.0000000e-02   1.0000000e-02
   2.9300000e+00   2.9900000e+00   4.5000000e-01   3.6000000e-01   4.9000000e-01   2.2000000e-01   3.0000000e-02   1.0000000e-02   0.0000000e+00   2.0000000e-02
   2.4300000e+00   1.1200000e+00   6.7000000e-01   5.1000000e-01   4.7000000e-01   2.8000000e-01   2.0000000e-02   0.0000000e+00   1.0000000e-02   1.0000000e-02
   2.2200000e+00   1.1900000e+00   1.7000000e-01   2.9000000e-01   1.1000000e-01   7.0000000e-02   6.0000000e-02   5.0000000e-02   5.0000000e-02   4.0000000e-02
   9.6100000e+00   3.8200000e+00   2.3700000e+00   8.3000000e-01   5.6000000e-01   4.4000000e-01   1.3000000e-01   8.0000000e-02   1.1000000e-01   7.0000000e-02
   8.2200000e+00   3.4300000e+00   2.2400000e+00   3.8000000e-01   1.8000000e-01   0.0000000e+00   3.0000000e-02   3.0000000e-02   8.0000000e-02   3.0000000e-02
   1.2750000e+01   7.2600000e+00   2.8200000e+00   5.3000000e-01   6.1000000e-01   1.3000000e-01   5.0000000e-02   5.0000000e-02   3.0000000e-02   0.0000000e+00
   5.9230000e+01   2.5900000e+01   7.4100000e+00   2.0400000e+00   6.4000000e-01   2.0000000e-02   1.0000000e-02   7.0000000e-02   2.0000000e-02   0.0000000e+00
   5.9000000e+00   3.3200000e+00   5.2000000e-01   1.1700000e+00   2.5000000e-01   1.0000000e-01   7.0000000e-02   7.0000000e-02   4.0000000e-02   3.0000000e-02
   6.5100000e+00   2.8600000e+00   1.1700000e+00   1.4000000e-01   2.4000000e-01   4.0000000e-02   3.0000000e-02   1.0000000e-02   3.0000000e-02   3.0000000e-02
   3.1800000e+00   8.9000000e-01   1.5000000e-01   3.0000000e-01   6.0000000e-02   5.0000000e-02   4.0000000e-02   0.0000000e+00   2.0000000e-02   2.0000000e-02
   2.0500000e+00   6.5000000e-01   4.7000000e-01   1.7000000e-01   2.4000000e-01   3.0000000e-02   4.0000000e-02   2.0000000e-02   8.0000000e-02   5.0000000e-02
   4.6600000e+00   1.7700000e+00   1.1300000e+00   4.7000000e-01   2.2000000e-01   1.4000000e-01   5.0000000e-02   4.0000000e-02   5.0000000e-02   6.0000000e-02
   1.4200000e+00   5.1000000e-01   2.7000000e-01   1.6000000e-01   1.1000000e-01   1.0000000e-02   5.0000000e-02   6.0000000e-02   3.0000000e-02   5.0000000e-02
   2.6100000e+00   2.7800000e+00   6.1000000e-01   6.4000000e-01   4.3000000e-01   3.0000000e-02   5.0000000e-02   6.0000000e-02   1.0000000e-02   6.0000000e-02
   8.2400000e+00   4.2400000e+00   7.5000000e-01   6.2000000e-01   4.8000000e-01   1.6000000e-01   3.0000000e-02   2.0000000e-02   1.0000000e-02   1.0000000e-02
   2.3250000e+01   8.8800000e+00   4.3900000e+00   9.4000000e-01   7.0000000e-01   1.5000000e-01   4.0000000e-02   3.0000000e-02   2.0000000e-02   1.0000000e-02
   1.0360000e+01   6.9000000e+00   2.4100000e+00   6.6000000e-01   3.7000000e-01   2.3000000e-01   1.9000000e-01   1.0000000e-01   1.1000000e-01   4.0000000e-02
   2.1700000e+00   2.2500000e+00   8.0000000e-01   4.0000000e-02   1.3000000e-01   4.0000000e-02   2.5000000e-01   8.0000000e-02   5.0000000e-02   1.1000000e-01
   1.6870000e+01   8.5700000e+00   1.0000000e+00   1.6600000e+00   9.5000000e-01   1.0000000e-01   9.0000000e-02   8.0000000e-02   6.0000000e-02   5.0000000e-02
   7.1600000e+00   1.7900000e+00   1.1600000e+00   3.0000000e-01   1.9000000e-01   2.0000000e-02   1.0000000e-02   0.0000000e+00   2.0000000e-02   1.0000000e-02
   2.3700000e+00   9.4000000e-01   3.3000000e-01   5.0000000e-02   9.0000000e-02   1.0000000e-01   5.0000000e-02   2.0000000e-02   8.0000000e-02   7.0000000e-02
   1.0600000e+01   5.3400000e+00   1.4900000e+00   9.1000000e-01   2.9000000e-01   8.0000000e-02   5.0000000e-02   8.0000000e-02   3.0000000e-02   5.0000000e-02
   1.7080000e+01   9.2300000e+00   3.2200000e+00   3.1000000e-01   1.4000000e-01   7.0000000e-02   1.0000000e-02   2.0000000e-02   6.0000000e-02   3.0000000e-02
   9.7000000e-01   6.2000000e-01   2.1000000e-01   3.0000000e-02   5.0000000e-02   4.0000000e-02   6.0000000e-02   0.0000000e+00   2.0000000e-02   3.0000000e-02
   1.1200000e+00   7.0000000e-01   9.0000000e-02   8.0000000e-02   4.0000000e-02   3.0000000e-02   9.0000000e-02   1.0000000e-02   1.0000000e-02   0.0000000e+00
   3.4100000e+00   1.9900000e+00   8.6000000e-01   2.8000000e-01   6.0000000e-02   4.0000000e-02   3.0000000e-02   4.0000000e-02   4.0000000e-02   6.0000000e-02
   1.4900000e+00   7.1000000e-01   4.2000000e-01   8.0000000e-02   4.0000000e-02   0.0000000e+00   0.0000000e+00   1.0000000e-02   2.0000000e-02   3.0000000e-02
   1.0320000e+01   5.7900000e+00   1.1900000e+00   6.8000000e-01   1.6000000e-01   8.0000000e-02   7.0000000e-02   1.4000000e-01   7.0000000e-02   7.0000000e-02
   4.7000000e-01   2.9000000e-01   6.0000000e-02   1.5000000e-01   1.0000000e-02   7.0000000e-02   1.0000000e-02   3.0000000e-02   2.0000000e-02   2.0000000e-02
   2.8900000e+00   1.6700000e+00   9.8000000e-01   7.5000000e-01   5.7000000e-01   0.0000000e+00   2.0000000e-02   2.0000000e-02   2.0000000e-02   1.0000000e-02
   2.4600000e+00   1.7000000e+00   1.0800000e+00   8.0000000e-01   9.4000000e-01   1.1000000e-01   5.0000000e-02   2.0000000e-02   4.0000000e-02   1.4000000e-01
   6.9400000e+00   3.9700000e+00   9.9000000e-01   7.0000000e-01   2.8000000e-01   4.0000000e-02   2.0000000e-02   5.0000000e-02   0.0000000e+00   1.0000000e-02
   6.1900000e+00   4.4900000e+00   1.8000000e+00   5.3000000e-01   1.0000000e-01   1.2000000e-01   4.0000000e-02   3.0000000e-02   6.0000000e-02   3.0000000e-02
   5.1830000e+01   3.0360000e+01   1.0570000e+01   1.0700000e+00   1.2300000e+00   8.0000000e-02   2.0000000e-02   4.0000000e-02   1.0000000e-02   3.0000000e-02
   2.2820000e+01   1.4670000e+01   1.3100000e+00   2.4100000e+00   1.2000000e-01   5.1000000e-01   7.0000000e-02   0.0000000e+00   2.0000000e-02   3.0000000e-02
   5.4600000e+00   3.3300000e+00   1.3200000e+00   1.6000000e-01   1.3000000e-01   9.0000000e-02   2.0000000e-02   1.0000000e-02   5.0000000e-02   3.0000000e-02
   9.8400000e+00   3.3500000e+00   1.8900000e+00   5.8000000e-01   7.3000000e-01   1.9000000e-01   9.0000000e-02   2.0000000e-02   3.0000000e-02   6.0000000e-02
   1.0230000e+01   6.7800000e+00   1.4500000e+00   1.1900000e+00   4.9000000e-01   1.6000000e-01   1.4000000e-01   5.0000000e-02   5.0000000e-02   2.0000000e-02
   4.1800000e+00   2.8900000e+00   1.0400000e+00   3.9000000e-01   2.2000000e-01   1.7000000e-01   5.0000000e-02   2.0000000e-02   3.0000000e-02   2.0000000e-02
   1.3300000e+00   6.5000000e-01   3.6000000e-01   1.5000000e-01   3.0000000e-02   3.0000000e-02   1.0000000e-01   6.0000000e-02   4.0000000e-02   9.0000000e-02
   1.7200000e+00   8.8000000e-01   0.0000000e+00   1.7000000e-01   0.0000000e+00   3.0000000e-02   0.0000000e+00   0.0000000e+00   0.0000000e+00   1.0000000e-02
   3.0500000e+01   1.6520000e+01   6.8700000e+00   1.5900000e+00   1.6100000e+00   1.6000000e-01   3.0000000e-02   1.0000000e-02   5.0000000e-02   3.0000000e-02
   1.2300000e+00   4.8000000e-01   2.7000000e-01   3.0000000e-02   4.0000000e-02   0.0000000e+00   1.0000000e-02   1.0000000e-02   2.0000000e-02   2.0000000e-02
   3.7100000e+00   1.2700000e+00   8.6000000e-01   2.7000000e-01   2.1000000e-01   1.3000000e-01   3.0000000e-02   2.0000000e-02   2.0000000e-02   4.0000000e-02
   7.8000000e-01   3.9000000e-01   1.6000000e-01   1.0000000e-02   7.0000000e-02   2.0000000e-02   1.0000000e-02   1.0000000e-02   1.0000000e-02   3.0000000e-02
   1.5440000e+01   8.6000000e+00   1.2000000e+00   1.6400000e+00   2.4000000e-01   2.1000000e-01   3.0000000e-02   8.0000000e-02   2.0000000e-02   8.0000000e-02
   2.1200000e+00   1.5400000e+00   6.8000000e-01   1.0000000e-01   2.1000000e-01   2.1000000e-01   1.4000000e-01   4.0000000e-02   4.0000000e-02   4.0000000e-02
   1.0000000e+00   4.1000000e-01   1.6000000e-01   8.0000000e-02   0.0000000e+00   6.0000000e-02   2.0000000e-02   1.0000000e-02   1.0000000e-02   1.0000000e-02
   5.1600000e+00   1.7400000e+00   9.7000000e-01   1.9000000e-01   0.0000000e+00   1.0000000e-02   1.0000000e-02   0.0000000e+00   2.0000000e-02   2.0000000e-02
   6.4260000e+01   4.0820000e+01   1.0350000e+01   8.1500000e+00   2.1300000e+00   3.9000000e-01   6.0000000e-02   1.0000000e-02   2.0000000e-02   3.0000000e-02
   4.1200000e+00   2.7200000e+00   1.8000000e-01   4.7000000e-01   5.0000000e-02   1.0000000e-02   1.0000000e-02   2.0000000e-02   0.0000000e+00   1.0000000e-02
   6.8220000e+01   2.6160000e+01   1.2230000e+01   5.0500000e+00   6.7000000e-01   2.0000000e-01   4.0000000e-02   4.0000000e-02   1.0000000e-02   2.0000000e-02
   3.5200000e+00   2.3700000e+00   4.8000000e-01   5.8000000e-01   2.0000000e-01   1.8000000e-01   4.0000000e-02   5.0000000e-02   2.0000000e-02   4.0000000e-02
   3.6320000e+01   1.6320000e+01   2.2600000e+00   2.9400000e+00   4.3000000e-01   1.5000000e-01   3.0000000e-02   6.0000000e-02   2.0000000e-02   6.0000000e-02
   1.3439000e+02   6.5020000e+01   1.9880000e+01   1.8010000e+01   2.1500000e+00   1.7600000e+00   9.0000000e-02   5.0000000e-02   4.0000000e-02   1.0000000e-02
   8.4500000e+00   3.5000000e+00   2.4400000e+00   4.7000000e-01   3.2000000e-01   1.1000000e-01   5.0000000e-02   1.0000000e-02   5.0000000e-02   5.0000000e-02
   8.3600000e+00   3.4300000e+00   2.1800000e+00   4.0000000e-01   1.1000000e-01   9.0000000e-02   7.0000000e-02   0.0000000e+00   6.0000000e-02   3.0000000e-02
   4.2920000e+01   1.8900000e+01   1.1220000e+01   5.9100000e+00   1.6100000e+00   1.6000000e-01   3.0000000e-02   5.0000000e-02   2.0000000e-02   6.0000000e-02
   1.5900000e+00   6.3000000e-01   5.0000000e-01   3.2000000e-01   3.0000000e-02   1.0000000e-02   0.0000000e+00   3.0000000e-02   6.0000000e-02   1.0000000e-02
   2.4200000e+00   5.9000000e-01   3.5000000e-01   8.0000000e-02   0.0000000e+00   2.0000000e-02   1.0000000e-02   4.0000000e-02   1.0000000e-02   3.0000000e-02
   4.0500000e+00   2.0900000e+00   7.2000000e-01   8.3000000e-01   2.1000000e-01   2.5000000e-01   1.8000000e-01   6.0000000e-02   3.0000000e-02   1.0000000e-02
   4.2800000e+00   1.4900000e+00   2.1700000e+00   1.0000000e-01   1.4000000e-01   5.0000000e-02   6.0000000e-02   0.0000000e+00   1.0000000e-02   3.0000000e-02
   6.2940000e+01   2.7330000e+01   2.2170000e+01   8.7100000e+00   4.1100000e+00   1.8900000e+00   1.0000000e-01   1.0000000e-02   3.0000000e-02   6.0000000e-02
   1.5690000e+01   8.0000000e+00   7.3800000e+00   8.8000000e-01   2.2000000e-01   7.0000000e-02   6.0000000e-02   2.0000000e-02   4.0000000e-02   1.0000000e-02
   8.4000000e+00   3.7400000e+00   4.0800000e+00   1.6600000e+00   5.3000000e-01   3.1000000e-01   8.0000000e-02   3.0000000e-02   3.0000000e-02   5.0000000e-02
   8.2690000e+01   5.4300000e+01   1.6860000e+01   2.3680000e+01   3.6600000e+00   4.8000000e-01   1.2000000e-01   3.0000000e-02   5.0000000e-02   3.0000000e-02
   1.4180000e+01   5.8000000e+00   2.1000000e+00   3.7000000e-01   2.5000000e-01   1.2000000e-01   5.0000000e-02   1.1000000e-01   6.0000000e-02   7.0000000e-02
   9.2200000e+00   6.6000000e+00   3.3600000e+00   4.4000000e-01   5.2000000e-01   1.4000000e-01   5.0000000e-02   4.0000000e-02   6.0000000e-02   2.0000000e-02
   3.1900000e+00   1.7500000e+00   7.4000000e-01   3.2000000e-01   3.0000000e-02   1.0000000e-02   0.0000000e+00   2.0000000e-02   1.0000000e-02   0.0000000e+00
   6.8800000e+01   2.8620000e+01   5.3400000e+00   1.5500000e+00   5.4000000e-01   1.9000000e-01   5.0000000e-02   2.0000000e-02   1.0000000e-02   7.0000000e-02
   1.5700000e+00   8.8000000e-01   5.0000000e-01   3.7000000e-01   2.3000000e-01   1.4000000e-01   3.0000000e-02   0.0000000e+00   3.0000000e-02   4.0000000e-02
   1.0400000e+00   4.3000000e-01   2.5000000e-01   7.0000000e-02   7.0000000e-02   8.0000000e-02   5.0000000e-02   2.0000000e-02   4.0000000e-02   3.0000000e-02
   1.5500000e+00   7.1000000e-01   2.1000000e-01   4.0000000e-02   3.0000000e-02   4.0000000e-02   4.0000000e-02   5.0000000e-02   2.0000000e-02   2.0000000e-02
   7.6800000e+00   4.4700000e+00   1.9700000e+00   3.6000000e-01   1.8000000e-01   1.1000000e-01   0.0000000e+00   0.0000000e+00   2.0000000e-02   2.0000000e-02
   1.7500000e+00   6.0000000e-01   2.3000000e-01   2.2000000e-01   1.0000000e-02   2.0000000e-02   1.0000000e-02   0.0000000e+00   0.0000000e+00   1.0000000e-02
   9.5000000e-01   7.2000000e-01   8.0000000e-02   7.0000000e-02   2.0000000e-02   0.0000000e+00   1.0000000e-02   2.0000000e-02   1.0000000e-02   2.0000000e-02
   3.7900000e+00   2.9200000e+00   1.4000000e+00   4.9000000e-01   2.4000000e-01   1.4000000e-01   5.0000000e-02   1.0000000e-02   6.0000000e-02   0.0000000e+00
   2.6510000e+01   1.0510000e+01   2.6500000e+00   6.0800000e+00   8.1000000e-01   4.9000000e-01   1.0000000e-02   2.0000000e-02   0.0000000e+00   1.0000000e-02
   8.9000000e-01   5.7000000e-01   2.7000000e-01   3.0000000e-02   5.0000000e-02   0.0000000e+00   3.0000000e-02   2.0000000e-02   4.0000000e-02   2.0000000e-02
   5.7000000e-01   3.1000000e-01   1.5000000e-01   0.0000000e+00   9.0000000e-02   0.0000000e+00   1.0000000e-02   0.0000000e+00   2.0000000e-02   0.0000000e+00
   1.0940000e+01   5.2200000e+00   6.8000000e-01   0.0000000e+00   7.0000000e-02   0.0000000e+00   1.0000000e-02   0.0000000e+00   0.0000000e+00   1.0000000e-02
   2.7600000e+00   1.3500000e+00   1.1800000e+00   6.7000000e-01   1.5000000e-01   6.0000000e-02   2.0000000e-02   0.0000000e+00   0.0000000e+00   0.0000000e+00
   1.0600000e+01   4.7600000e+00   3.0400000e+00   4.7000000e-01   3.7000000e-01   1.8000000e-01   0.0000000e+00   6.0000000e-02   8.0000000e-02   7.0000000e-02
   2.5000000e+00   1.4000000e+00   4.0000000e-01   5.1000000e-01   1.5000000e-01   1.1000000e-01   6.0000000e-02   1.0000000e-02   4.0000000e-02   2.0000000e-02
   2.2700000e+00   1.4300000e+00   5.4000000e-01   1.6000000e-01   1.0000000e-02   0.0000000e+00   1.0000000e-02   1.0000000e-02   2.0000000e-02   0.0000000e+00
   5.2400000e+00   2.7600000e+00   1.5600000e+00   7.8000000e-01   3.7000000e-01   6.0000000e-02   5.0000000e-02   0.0000000e+00   6.0000000e-02   2.0000000e-02
   1.7730000e+01   1.0960000e+01   7.6100000e+00   2.5800000e+00   5.1000000e-01   1.9000000e-01   1.0000000e-01   5.0000000e-02   9.0000000e-02   6.0000000e-02
   1.3578000e+02   7.0440000e+01   5.8410000e+01   1.4430000e+01   4.5300000e+00   2.4000000e-01   4.0000000e-02   5.0000000e-02   4.0000000e-02   5.0000000e-02
   1.3610000e+01   6.0600000e+00   2.1700000e+00   8.5000000e-01   2.6000000e-01   4.0000000e-02   5.0000000e-02   8.0000000e-02   4.0000000e-02   4.0000000e-02
   1.4070000e+01   8.6000000e+00   3.0400000e+00   5.4000000e-01   0.0000000e+00   0.0000000e+00   5.0000000e-02   1.0000000e-02   0.0000000e+00   1.0000000e-02
   4.8700000e+00   2.1100000e+00   1.1000000e+00   3.4000000e-01   1.5000000e-01   4.0000000e-02   4.0000000e-02   3.0000000e-02   1.0000000e-02   7.0000000e-02
   3.1000000e-01   2.0000000e-01   2.6000000e-01   1.5000000e-01   7.0000000e-02   9.0000000e-02   3.0000000e-02   0.0000000e+00   2.0000000e-02   2.0000000e-02
   8.0500000e+00   4.0100000e+00   2.3400000e+00   4.6000000e-01   2.8000000e-01   5.0000000e-02   0.0000000e+00   1.0000000e-02   7.0000000e-02   2.0000000e-02
   1.4200000e+00   7.0000000e-01   3.6000000e-01   3.7000000e-01   1.7000000e-01   2.2000000e-01   1.2000000e-01   3.0000000e-02   5.0000000e-02   3.0000000e-02
   1.0700000e+00   6.1000000e-01   2.7000000e-01   3.0000000e-01   6.0000000e-02   9.0000000e-02   4.0000000e-02   8.0000000e-02   3.0000000e-02   5.0000000e-02
   1.4700000e+00   9.2000000e-01   5.9000000e-01   2.5000000e-01   1.6000000e-01   5.0000000e-02   4.0000000e-02   0.0000000e+00   2.0000000e-02   0.0000000e+00
   2.6700000e+00   1.5100000e+00   9.0000000e-01   2.8000000e-01   1.3000000e-01   2.0000000e-02   1.0000000e-02   2.0000000e-02   0.0000000e+00   3.0000000e-02
   2.5100000e+00   1.4900000e+00   6.7000000e-01   4.3000000e-01   3.5000000e-01   3.0000000e-02   6.0000000e-02   6.0000000e-02   2.0000000e-02   2.0000000e-02
   2.3300000e+00   1.1600000e+00   9.6000000e-01   4.8000000e-01   3.2000000e-01   6.0000000e-02   7.0000000e-02   0.0000000e+00   5.0000000e-02   2.0000000e-02
   1.8500000e+00   9.2000000e-01   1.2600000e+00   2.5000000e-01   3.0000000e-01   1.8000000e-01   1.3000000e-01   3.0000000e-02   3.0000000e-02   1.0000000e-02
   2.2150000e+01   1.2850000e+01   4.5900000e+00   2.5100000e+00   5.7000000e-01   1.4000000e-01   2.0000000e-02   2.0000000e-02   1.0000000e-02   4.0000000e-02
   2.4900000e+00   1.4800000e+00   1.2100000e+00   6.3000000e-01   4.4000000e-01   8.0000000e-02   4.0000000e-02   0.0000000e+00   3.0000000e-02   0.0000000e+00
   7.4000000e-01   5.1000000e-01   3.1000000e-01   2.3000000e-01   6.0000000e-02   3.0000000e-02   2.0000000e-02   1.0000000e-02   3.0000000e-02   1.0000000e-02
   1.5800000e+01   9.2700000e+00   7.7100000e+00   3.3100000e+00   7.3000000e-01   1.1000000e-01   4.0000000e-02   2.0000000e-02   4.0000000e-02   1.0000000e-02
   7.7100000e+00   4.1800000e+00   1.6700000e+00   7.3000000e-01   2.6000000e-01   8.0000000e-02   3.0000000e-02   2.0000000e-02   1.0000000e-02   5.0000000e-02
   8.2100000e+00   4.7500000e+00   1.6100000e+00   6.9000000e-01   1.9000000e-01   1.7000000e-01   7.0000000e-02   3.0000000e-02   1.0000000e-02   6.0000000e-02
   4.5700000e+00   2.5800000e+00   1.1400000e+00   4.9000000e-01   2.5000000e-01   8.0000000e-02   5.0000000e-02   3.0000000e-02   2.0000000e-02   2.0000000e-02
   2.5330000e+01   1.1160000e+01   6.3800000e+00   2.0900000e+00   6.0000000e-01   2.1000000e-01   1.1000000e-01   2.0000000e-02   5.0000000e-02   2.0000000e-02
   6.2100000e+00   3.0500000e+00   1.8800000e+00   4.0000000e-01   4.1000000e-01   1.4000000e-01   1.2000000e-01   3.0000000e-02   5.0000000e-02   5.0000000e-02
   2.0580000e+01   8.5700000e+00   2.4800000e+00   3.8000000e+00   7.1000000e-01   7.0000000e-02   1.1000000e-01   1.1000000e-01   5.0000000e-02   1.1000000e-01
   1.0330000e+01   4.0100000e+00   2.4800000e+00   8.1000000e-01   5.0000000e-02   0.0000000e+00   1.0000000e-02   2.0000000e-02   0.0000000e+00   2.0000000e-02
   6.7900000e+00   4.2700000e+00   2.1300000e+00   1.5300000e+00   7.0000000e-02   9.0000000e-02   1.3000000e-01   6.0000000e-02   3.0000000e-02   3.0000000e-02
   1.5200000e+00   8.3000000e-01   9.5000000e-01   1.1000000e-01   7.0000000e-02   0.0000000e+00   0.0000000e+00   0.0000000e+00   2.0000000e-02   0.0000000e+00
   5.9300000e+00   2.4100000e+00   2.7400000e+00   7.2000000e-01   7.0000000e-01   2.6000000e-01   1.0000000e-02   3.0000000e-02   4.0000000e-02   0.0000000e+00
   2.4270000e+01   9.2100000e+00   7.2500000e+00   3.6400000e+00   1.6000000e-01   7.0000000e-02   0.0000000e+00   1.0000000e-02   1.0000000e-02   2.0000000e-02
   4.8200000e+00   2.6800000e+00   2.1200000e+00   8.0000000e-01   5.5000000e-01   0.0000000e+00   3.0000000e-02   3.0000000e-02   1.0000000e-02   2.0000000e-02
   1.3434000e+02   6.8240000e+01   5.6470000e+01   2.2130000e+01   1.6150000e+01   5.5700000e+00   6.5000000e-01   3.0000000e-02   7.0000000e-02   2.0000000e-02
   4.7600000e+00   2.1400000e+00   1.7800000e+00   5.1000000e-01   1.0000000e-01   1.2000000e-01   6.0000000e-02   1.0000000e-02   0.0000000e+00   1.0000000e-02
   2.2300000e+00   2.0000000e+00   4.3000000e-01   3.9000000e-01   3.0000000e-02   0.0000000e+00   3.0000000e-02   4.0000000e-02   3.0000000e-02   5.0000000e-02
   2.7870000e+01   1.3820000e+01   6.0800000e+00   2.9900000e+00   7.2000000e-01   2.0000000e-01   3.0000000e-02   1.0000000e-02   1.0000000e-02   2.0000000e-02
   4.2300000e+00   2.1400000e+00   1.5800000e+00   9.2000000e-01   3.0000000e-02   3.0000000e-02   0.0000000e+00   2.0000000e-02   0.0000000e+00   1.0000000e-02
   2.5050000e+01   1.9360000e+01   7.8900000e+00   6.4000000e+00   3.6700000e+00   3.4900000e+00   3.2000000e-01   7.0000000e-02   3.0000000e-02   7.0000000e-02
   1.4300000e+00   6.8000000e-01   9.8000000e-01   1.4000000e-01   1.4000000e-01   8.0000000e-02   6.0000000e-02   4.0000000e-02   7.0000000e-02   6.0000000e-02
   2.4400000e+00   1.4900000e+00   8.9000000e-01   1.3000000e-01   2.0000000e-01   1.0000000e-01   7.0000000e-02   2.0000000e-02   5.0000000e-02   3.0000000e-02
   1.2760000e+01   6.9200000e+00   8.0400000e+00   3.7600000e+00   2.1800000e+00   5.9000000e-01   1.7000000e-01   8.0000000e-02   6.0000000e-02   1.0000000e-01
   1.5700000e+00   8.0000000e-01   1.3000000e-01   4.0000000e-01   2.0000000e-02   3.0000000e-02   6.0000000e-02   1.0000000e-02   1.0000000e-02   3.0000000e-02
   8.8800000e+00   4.0400000e+00   3.2000000e+00   2.6300000e+00   8.0000000e-02   5.0000000e-02   2.0000000e-02   3.0000000e-02   2.0000000e-02   1.0000000e-02
   2.9400000e+00   1.5500000e+00   1.7800000e+00   7.7000000e-01   6.0000000e-02   1.1000000e-01   4.0000000e-02   8.0000000e-02   3.0000000e-02   5.0000000e-02
   2.8300000e+00   1.4800000e+00   1.8500000e+00   7.6000000e-01   9.0000000e-01   5.5000000e-01   1.7000000e-01   2.0000000e-02   8.0000000e-02   1.0000000e-02
   2.2300000e+00   1.0100000e+00   9.1000000e-01   2.3000000e-01   2.7000000e-01   9.0000000e-02   8.0000000e-02   4.0000000e-02   6.0000000e-02   1.0000000e-01
   2.5400000e+00   1.2900000e+00   1.6200000e+00   2.1000000e-01   3.3000000e-01   2.4000000e-01   3.0000000e-02   4.0000000e-02   2.0000000e-02   4.0000000e-02
   7.5000000e-01   4.9000000e-01   4.5000000e-01   1.4000000e-01   9.0000000e-02   9.0000000e-02   5.0000000e-02   4.0000000e-02   1.2000000e-01   5.0000000e-02
   7.7500000e+00   5.5200000e+00   1.4200000e+00   1.3300000e+00   3.7000000e-01   4.0000000e-02   3.0000000e-02   3.0000000e-02   0.0000000e+00   5.0000000e-02
   6.0400000e+00   5.1600000e+00   2.0700000e+00   1.1700000e+00   1.4000000e-01   5.0000000e-02   1.1000000e-01   3.0000000e-02   3.0000000e-02   3.0000000e-02
   1.9100000e+00   8.8000000e-01   4.9000000e-01   3.1000000e-01   1.6000000e-01   1.0000000e-02   4.0000000e-02   2.0000000e-02   2.0000000e-02   9.0000000e-02
   5.3400000e+00   9.8000000e-01   4.2000000e-01   3.7000000e-01   2.3000000e-01   1.5000000e-01   7.0000000e-02   5.0000000e-02   1.0000000e-02   3.0000000e-02
   1.2900000e+00   1.4000000e-01   9.0000000e-02   8.0000000e-02   1.2000000e-01   1.4000000e-01   9.0000000e-02   4.0000000e-02   0.0000000e+00   2.0000000e-02
   1.8700000e+00   1.0800000e+00   5.5000000e-01   5.7000000e-01   1.7000000e-01   0.0000000e+00   2.0000000e-02   8.0000000e-02   1.0000000e-02   2.0000000e-02
   1.7600000e+00   9.8000000e-01   1.3000000e-01   5.5000000e-01   3.0000000e-02   1.0000000e-01   1.4000000e-01   2.0000000e-02   1.0000000e-02   3.0000000e-02
   2.4000000e-01   2.9000000e-01   1.7000000e-01   9.0000000e-02   3.0000000e-02   1.0000000e-02   2.0000000e-02   4.0000000e-02   4.0000000e-02   3.0000000e-02
   4.8400000e+00   2.0800000e+00   1.6400000e+00   1.0700000e+00   1.0000000e-01   4.0000000e-02   3.0000000e-02   2.0000000e-02   1.0000000e-02   1.0000000e-02
   6.8300000e+00   4.8200000e+00   2.6100000e+00   4.7000000e-01   2.3000000e-01   2.0000000e-02   9.0000000e-02   4.0000000e-02   9.0000000e-02   4.0000000e-02
   9.7300000e+00   3.4600000e+00   8.0000000e-02   5.2000000e-01   9.0000000e-02   0.0000000e+00   0.0000000e+00   2.0000000e-02   0.0000000e+00   0.0000000e+00
   1.0300000e+00   2.2400000e+00   1.8000000e+00   4.6000000e-01   3.7000000e-01   4.0000000e-02   3.0000000e-02   8.0000000e-02   2.0000000e-02   2.0000000e-02
   7.2000000e-01   4.5000000e-01   4.3000000e-01   3.6000000e-01   8.0000000e-02   1.0000000e-02   3.0000000e-02   2.0000000e-02   0.0000000e+00   2.0000000e-02
   2.8500000e+00   1.3700000e+00   5.5000000e-01   4.0000000e-02   2.6000000e-01   1.4000000e-01   6.0000000e-02   2.0000000e-02   4.0000000e-02   2.0000000e-02
   3.9800000e+00   1.0100000e+00   6.8000000e-01   1.8800000e+00   5.9000000e-01   2.1000000e-01   1.4000000e-01   7.0000000e-02   4.0000000e-02   7.0000000e-02
   4.0400000e+00   2.5800000e+00   5.3000000e-01   7.2000000e-01   2.1000000e-01   2.0000000e-02   6.0000000e-02   5.0000000e-02   1.0000000e-02   2.0000000e-02
   2.8400000e+00   2.7200000e+00   2.0700000e+00   1.0200000e+00   1.7000000e-01   6.0000000e-02   0.0000000e+00   0.0000000e+00   8.0000000e-02   2.0000000e-02
   2.4100000e+00   1.2100000e+00   6.7000000e-01   4.8000000e-01   2.5000000e-01   6.0000000e-02   1.0000000e-01   5.0000000e-02   3.0000000e-02   1.1000000e-01
   8.3000000e-01   3.7000000e-01   1.9000000e-01   1.2000000e-01   9.0000000e-02   4.0000000e-02   1.0000000e-02   5.0000000e-02   3.0000000e-02   4.0000000e-02
   2.5200000e+00   1.8000000e+00   1.6600000e+00   1.3000000e+00   1.1200000e+00   5.1000000e-01   6.0000000e-01   7.0000000e-02   3.0000000e-02   3.0000000e-02
   2.2990000e+01   2.0070000e+01   8.5400000e+00   5.2900000e+00   1.0800000e+00   1.7000000e-01   1.1000000e-01   3.0000000e-02   0.0000000e+00   4.0000000e-02
   7.5000000e-01   4.0000000e-01   4.9000000e-01   1.1000000e-01   1.3000000e-01   0.0000000e+00   4.0000000e-02   1.0000000e-02   1.0000000e-02   3.0000000e-02
   1.1540000e+01   4.9500000e+00   1.5400000e+00   7.5000000e-01   1.6000000e-01   2.7000000e-01   1.5000000e-01   5.0000000e-02   1.0000000e-02   3.0000000e-02
   2.2600000e+00   1.9300000e+00   1.2000000e+00   9.2000000e-01   1.3000000e-01   1.3000000e-01   1.1000000e-01   5.0000000e-02   7.0000000e-02   4.0000000e-02
   3.4500000e+00   2.7100000e+00   1.2700000e+00   3.4000000e-01   2.8000000e-01   1.6000000e-01   1.2000000e-01   6.0000000e-02   1.4000000e-01   8.0000000e-02
   1.3300000e+00   1.0900000e+00   4.4000000e-01   2.6000000e-01   1.7000000e-01   3.0000000e-02   0.0000000e+00   1.0000000e-02   1.0000000e-02   2.0000000e-02
   2.2000000e+00   2.0800000e+00   7.5000000e-01   7.3000000e-01   4.5000000e-01   1.5000000e-01   1.0000000e-02   1.0000000e-02   2.0000000e-02   1.0000000e-02
   1.2900000e+00   1.0400000e+00   9.9000000e-01   2.0000000e-01   3.0000000e-02   4.0000000e-02   2.0000000e-02   5.0000000e-02   3.0000000e-02   3.0000000e-02
   3.3700000e+00   4.5600000e+00   3.1100000e+00   2.7500000e+00   1.5100000e+00   3.5000000e-01   1.1000000e-01   2.0000000e-02   0.0000000e+00   1.0000000e-02
   4.4900000e+00   3.0100000e+00   1.4400000e+00   3.2000000e-01   3.8000000e-01   3.0000000e-02   1.0000000e-02   2.0000000e-02   1.0000000e-02   3.0000000e-02
   3.7000000e-01   4.5000000e-01   1.9000000e-01   1.2000000e-01   1.1000000e-01   4.0000000e-02   0.0000000e+00   0.0000000e+00   0.0000000e+00   1.0000000e-02
   7.8000000e-01   1.1000000e-01   1.9000000e-01   9.0000000e-02   1.5000000e-01   9.0000000e-02   3.0000000e-02   0.0000000e+00   1.0000000e-02   0.0000000e+00
   1.6430000e+02   1.1054000e+02   2.7230000e+01   1.3210000e+01   3.6100000e+00   2.3000000e-01   3.0000000e-02   1.0000000e-02   2.0000000e-02   0.0000000e+00
   2.8500000e+00   1.1700000e+00   4.0000000e-01   2.3000000e-01   6.0000000e-02   6.0000000e-02   1.0000000e-02   5.0000000e-02   1.0000000e-02   1.0000000e-02
   3.7700000e+00   3.5300000e+00   2.6800000e+00   1.2100000e+00   2.4000000e-01   6.0000000e-02   1.0000000e-02   2.0000000e-02   1.0000000e-02   5.0000000e-02
   3.9700000e+00   3.8800000e+00   2.4800000e+00   8.3000000e-01   3.2000000e-01   1.0000000e+00   1.6000000e-01   1.1000000e-01   8.0000000e-02   6.0000000e-02
   1.1000000e-01   1.1000000e-01   6.0000000e-02   1.2000000e-01   2.0000000e-02   2.0000000e-02   2.0000000e-02   0.0000000e+00   2.0000000e-02   1.0000000e-02
   8.1000000e-01   6.1000000e-01   3.4000000e-01   1.8000000e-01   4.0000000e-02   5.0000000e-02   1.0000000e-02   0.0000000e+00   2.0000000e-02   0.0000000e+00
   2.7000000e+00   1.6400000e+00   6.4000000e-01   4.9000000e-01   4.0000000e-01   3.4000000e-01   8.0000000e-02   5.0000000e-02   6.0000000e-02   6.0000000e-02
   1.2700000e+00   7.6000000e-01   4.8000000e-01   1.5000000e-01   2.0000000e-01   3.0000000e-02   1.0000000e-02   2.0000000e-02   1.0000000e-02   3.0000000e-02
   3.7500000e+00   6.3800000e+00   3.1600000e+00   1.3200000e+00   5.6000000e-01   2.1000000e-01   5.0000000e-02   5.0000000e-02   2.0000000e-02   2.0000000e-02
   1.0970000e+01   8.2400000e+00   2.4600000e+00   5.6000000e-01   2.1000000e-01   6.0000000e-02   9.0000000e-02   7.0000000e-02   6.0000000e-02   3.0000000e-02
   2.5000000e-01   1.4000000e-01   1.5000000e-01   2.0000000e-02   4.0000000e-02   3.0000000e-02   6.0000000e-02   0.0000000e+00   6.0000000e-02   0.0000000e+00
   9.9600000e+00   6.9100000e+00   3.4600000e+00   3.1100000e+00   4.9000000e-01   3.1000000e-01   7.0000000e-02   2.0000000e-02   1.0000000e-02   0.0000000e+00
   5.2600000e+00   3.3600000e+00   2.4700000e+00   1.5900000e+00   4.1000000e-01   1.3000000e-01   1.0000000e-02   2.0000000e-02   2.0000000e-02   1.0000000e-02
   2.7200000e+00   2.2300000e+00   1.5000000e+00   8.2000000e-01   2.0000000e-01   9.0000000e-02   6.0000000e-02   6.0000000e-02   6.0000000e-02   4.0000000e-02
   4.7000000e-01   2.6000000e-01   8.0000000e-02   1.6000000e-01   8.0000000e-02   2.0000000e-02   1.0000000e-02   0.0000000e+00   1.0000000e-02   1.0000000e-02
   1.6000000e-01   2.5000000e-01   6.0000000e-02   1.0000000e-02   5.0000000e-02   0.0000000e+00   0.0000000e+00   1.0000000e-02   1.0000000e-02   3.0000000e-02
   9.8000000e-01   9.9000000e-01   4.7000000e-01   2.8000000e-01   1.3000000e-01   4.0000000e-02   5.0000000e-02   4.0000000e-02   5.0000000e-02   3.0000000e-02
   6.6000000e-01   5.7000000e-01   1.8000000e-01   1.8000000e-01   1.2000000e-01   6.0000000e-02   5.0000000e-02   1.0000000e-02   3.0000000e-02   0.0000000e+00
   1.2840000e+01   1.0700000e+01   4.4000000e+00   1.9200000e+00   6.2000000e-01   2.1000000e-01   4.0000000e-02   4.0000000e-02   3.0000000e-02   1.0000000e-02
   2.6700000e+00   1.8200000e+00   8.0000000e-01   1.6000000e-01   2.0000000e-02   0.0000000e+00   1.0000000e-02   0.0000000e+00   2.0000000e-02   2.0000000e-02
   1.1400000e+00   9.8000000e-01   5.5000000e-01   1.6000000e-01   1.4000000e-01   8.0000000e-02   2.0000000e-02   2.0000000e-02   3.0000000e-02   1.0000000e-02
   1.3900000e+00   1.7600000e+00   9.0000000e-01   5.0000000e-01   4.2000000e-01   1.3000000e-01   1.0000000e-01   6.0000000e-02   0.0000000e+00   3.0000000e-02
   2.4100000e+00   1.5900000e+00   1.3900000e+00   8.3000000e-01   7.0000000e-02   3.7000000e-01   4.0000000e-02   2.0000000e-02   2.0000000e-02   3.0000000e-02
   8.5000000e-01   6.3000000e-01   3.2000000e-01   3.4000000e-01   6.0000000e-02   8.0000000e-02   0.0000000e+00   2.0000000e-02   3.0000000e-02   2.0000000e-02
   1.2500000e+00   1.6800000e+00   6.7000000e-01   3.6000000e-01   1.5000000e-01   4.0000000e-02   3.0000000e-02   4.0000000e-02   6.0000000e-02   4.0000000e-02
   4.6900000e+00   3.2900000e+00   1.4600000e+00   6.9000000e-01   2.4000000e-01   8.0000000e-02   3.0000000e-02   1.0000000e-02   7.0000000e-02   1.0000000e-02
   2.8800000e+00   1.6200000e+00   1.0400000e+00   7.2000000e-01   3.6000000e-01   1.1000000e-01   7.0000000e-02   2.0000000e-02   4.0000000e-02   2.0000000e-02
   2.2600000e+00   1.5600000e+00   6.0000000e-01   2.8000000e-01   2.9000000e-01   3.0000000e-02   0.0000000e+00   5.0000000e-02   2.0000000e-02   7.0000000e-02
   3.7000000e+00   1.7700000e+00   7.9000000e-01   2.3000000e-01   4.0000000e-02   1.0000000e-02   1.0000000e-02   3.0000000e-02   2.0000000e-02   4.0000000e-02
   4.7600000e+00   5.9900000e+00   2.9300000e+00   2.4000000e+00   2.3600000e+00   4.2000000e-01   3.3000000e-01   9.0000000e-02   8.0000000e-02   1.2000000e-01
   1.6000000e-01   4.0000000e-02   6.0000000e-02   8.0000000e-02   4.0000000e-02   5.0000000e-02   4.0000000e-02   3.0000000e-02   2.0000000e-02   0.0000000e+00
   1.9400000e+00   1.4200000e+00   9.2000000e-01   3.3000000e-01   9.0000000e-02   7.0000000e-02   7.0000000e-02   3.0000000e-02   5.0000000e-02   6.0000000e-02
   1.7160000e+01   6.6000000e+00   8.1400000e+00   3.8500000e+00   2.3000000e+00   1.1400000e+00   9.0000000e-02   9.0000000e-02   1.1000000e-01   1.5000000e-01
   3.3500000e+00   1.5400000e+00   1.7300000e+00   6.1000000e-01   1.7000000e-01   1.1000000e-01   1.0000000e-01   1.0000000e-02   0.0000000e+00   0.0000000e+00
   2.1500000e+00   1.9700000e+00   1.1300000e+00   6.8000000e-01   1.5000000e-01   1.0000000e-01   4.0000000e-02   1.0000000e-02   2.0000000e-02   2.0000000e-02
   8.4000000e-01   1.2500000e+00   2.5000000e-01   7.4000000e-01   2.0000000e-02   1.0000000e-02   1.4000000e-01   5.0000000e-02   3.0000000e-02   1.0000000e-02
   1.7000000e-01   5.0000000e-02   0.0000000e+00   5.0000000e-02   2.0000000e-02   0.0000000e+00   4.0000000e-02   2.0000000e-02   4.0000000e-02   2.0000000e-02
   1.6700000e+00   1.0800000e+00   9.0000000e-02   2.1000000e-01   1.6000000e-01   8.0000000e-02   1.0000000e-02   1.0000000e-02   3.0000000e-02   0.0000000e+00
   3.1000000e-01   1.9000000e-01   4.0000000e-02   1.2000000e-01   1.0000000e-02   5.0000000e-02   6.0000000e-02   2.0000000e-02   1.0000000e-02   1.0000000e-02
   4.6000000e-01   2.6000000e-01   2.6000000e-01   1.4000000e-01   5.0000000e-02   0.0000000e+00   3.0000000e-02   1.0000000e-02   3.0000000e-02   4.0000000e-02
   3.1040000e+01   2.0040000e+01   1.9540000e+01   4.5800000e+00   3.2100000e+00   5.5000000e-01   1.1000000e-01   1.0000000e-02   6.0000000e-02   8.0000000e-02
   2.9000000e+00   2.1000000e+00   1.1000000e+00   1.5300000e+00   4.0000000e-01   4.0000000e-02   1.0000000e-02   1.0000000e-02   4.0000000e-02   0.0000000e+00
   1.8200000e+00   9.4000000e-01   1.4200000e+00   2.9000000e-01   1.9000000e-01   5.0000000e-02   5.0000000e-02   6.0000000e-02   5.0000000e-02   1.3000000e-01
   1.0203000e+02   5.6800000e+01   2.0980000e+01   4.6300000e+00   4.6000000e-01   2.0000000e-02   1.0000000e-02   0.0000000e+00   1.0000000e-02   2.0000000e-02
   5.6000000e-01   4.4000000e-01   1.4000000e-01   1.3000000e-01   1.2000000e-01   1.1000000e-01   0.0000000e+00   6.0000000e-02   2.0000000e-02   4.0000000e-02
   6.0000000e-02   0.0000000e+00   0.0000000e+00   3.0000000e-02   0.0000000e+00   5.0000000e-02   6.0000000e-02   3.0000000e-02   1.0000000e-02   1.0000000e-02
   5.2000000e-01   4.9000000e-01   3.9000000e-01   9.0000000e-02   1.1000000e-01   2.0000000e-02   6.0000000e-02   3.0000000e-02   5.0000000e-02   5.0000000e-02
   5.2000000e-01   2.8000000e-01   3.3000000e-01   7.0000000e-02   8.0000000e-02   2.0000000e-02   1.0000000e-02   3.0000000e-02   5.0000000e-02   3.0000000e-02
   8.2000000e+00   1.3260000e+01   3.8900000e+00   8.2300000e+00   1.1000000e-01   7.0000000e-02   5.0000000e-02   5.0000000e-02   7.0000000e-02   5.0000000e-02
   1.1000000e-01   8.0000000e-02   2.4000000e-01   3.1000000e-01   1.1000000e-01   1.0000000e-02   3.0000000e-02   3.0000000e-02   7.0000000e-02   3.0000000e-02
   2.1000000e-01   1.7000000e-01   3.0000000e-02   2.0000000e-02   2.0000000e-02   2.0000000e-02   4.0000000e-02   1.0000000e-02   3.0000000e-02   3.0000000e-02
   3.5300000e+00   2.7100000e+00   2.9600000e+00   6.9000000e-01   2.4000000e-01   6.0000000e-02   7.0000000e-02   1.0000000e-02   4.0000000e-02   1.0000000e-02
   1.5300000e+00   8.2000000e-01   8.9000000e-01   4.1000000e-01   2.9000000e-01   6.0000000e-02   1.0000000e-02   3.0000000e-02   3.0000000e-02   4.0000000e-02
   4.5300000e+00   4.0400000e+00   1.7000000e+00   6.9000000e-01   3.2000000e-01   1.2000000e-01   1.0000000e-02   5.0000000e-02   2.0000000e-02   1.0000000e-02
   9.1000000e-01   1.0300000e+00   8.3000000e-01   6.8000000e-01   6.0000000e-02   3.0000000e-02   1.0000000e-02   4.0000000e-02   3.0000000e-02   0.0000000e+00
   5.3000000e-01   2.6000000e-01   3.1000000e-01   1.8000000e-01   2.1000000e-01   5.0000000e-02   6.0000000e-02   4.0000000e-02   0.0000000e+00   0.0000000e+00
   5.9000000e-01   3.2000000e-01   2.4000000e-01   2.4000000e-01   7.0000000e-02   6.0000000e-02   4.0000000e-02   1.0000000e-02   5.0000000e-02   3.0000000e-02
   1.8060000e+01   1.1880000e+01   5.9200000e+00   2.6500000e+00   7.0000000e-01   2.7000000e-01   1.8000000e-01   7.0000000e-02   1.0000000e-02   1.0000000e-02
   5.9000000e-01   3.3000000e-01   2.4000000e-01   1.6000000e-01   7.0000000e-02   0.0000000e+00   8.0000000e-02   6.0000000e-02   7.0000000e-02   1.0000000e-02
   2.9000000e-01   1.7000000e-01   2.7000000e-01   1.3000000e-01   8.0000000e-02   2.0000000e-02   4.0000000e-02   2.0000000e-02   4.0000000e-02   1.0000000e-02
   4.3000000e-01   3.4000000e-01   2.6000000e-01   1.3000000e-01   4.0000000e-02   9.0000000e-02   1.0000000e-01   6.0000000e-02   2.0000000e-02   5.0000000e-02
   6.3000000e-01   6.9000000e-01   1.0200000e+00   2.2000000e-01   2.8000000e-01   4.0000000e-02   1.0000000e-02   6.0000000e-02   5.0000000e-02   7.0000000e-02
   1.5100000e+00   9.7000000e-01   1.4200000e+00   4.1000000e-01   3.3000000e-01   4.0000000e-02   4.0000000e-02   3.0000000e-02   1.0000000e-02   3.0000000e-02
   4.0000000e-01   1.9000000e-01   1.5000000e-01   4.0000000e-02   7.0000000e-02   1.0000000e-02   0.0000000e+00   1.0000000e-02   1.0000000e-02   2.0000000e-02
   2.0700000e+00   9.3000000e-01   4.3000000e-01   8.6000000e-01   1.3000000e-01   4.0000000e-02   1.0000000e-02   1.0000000e-02   3.0000000e-02   2.0000000e-02
   3.0000000e-02   2.9000000e-01   3.9000000e-01   2.0000000e-01   1.9000000e-01   1.1000000e-01   1.4000000e-01   5.0000000e-02   1.0000000e-02   4.0000000e-02
   2.5000000e-01   1.2000000e-01   2.8000000e-01   1.0000000e-01   1.0000000e-02   7.0000000e-02   2.0000000e-02   3.0000000e-02   1.0000000e-02   1.0000000e-02
   4.4000000e-01   3.6000000e-01   2.9000000e-01   1.2000000e-01   4.0000000e-02   2.0000000e-02   3.0000000e-02   0.0000000e+00   2.0000000e-02   2.0000000e-02
   1.8980000e+01   9.6300000e+00   1.6190000e+01   1.3260000e+01   2.5900000e+00   2.8000000e-01   0.0000000e+00   0.0000000e+00   2.0000000e-02   0.0000000e+00
   1.3400000e+00   5.4000000e-01   6.8000000e-01   8.0000000e-02   8.0000000e-02   0.0000000e+00   5.0000000e-02   2.0000000e-02   6.0000000e-02   5.0000000e-02
   1.3800000e+00   3.9000000e-01   7.7000000e-01   6.8000000e-01   1.5000000e-01   2.0000000e-02   0.0000000e+00   4.0000000e-02   5.0000000e-02   5.0000000e-02
   3.0400000e+00   1.7600000e+00   2.9700000e+00   9.4000000e-01   2.8000000e-01   1.8000000e-01   1.1000000e-01   5.0000000e-02   6.0000000e-02   3.0000000e-02
   6.1000000e-01   5.2000000e-01   2.5000000e-01   2.4000000e-01   1.1000000e-01   3.0000000e-02   1.0000000e-02   3.0000000e-02   1.0000000e-02   3.0000000e-02
   2.2900000e+00   1.2800000e+00   1.7400000e+00   8.9000000e-01   2.1000000e-01   1.2000000e-01   2.3000000e-01   2.0000000e-02   2.0000000e-02   1.0000000e-02
   4.3800000e+00   4.9800000e+00   2.1400000e+00   2.9000000e-01   3.7000000e-01   1.5000000e-01   1.3000000e-01   7.0000000e-02   2.0000000e-02   4.0000000e-02
   6.6000000e-01   2.3000000e-01   6.3000000e-01   5.0000000e-01   1.0000000e-01   3.0000000e-02   1.0000000e-02   3.0000000e-02   2.0000000e-02   5.0000000e-02
   1.9000000e-01   1.1000000e-01   2.4000000e-01   8.0000000e-02   1.1000000e-01   0.0000000e+00   2.0000000e-02   2.0000000e-02   0.0000000e+00   1.0000000e-02
   4.3000000e-01   9.2000000e-01   3.5000000e-01   2.9000000e-01   1.2000000e-01   4.0000000e-02   3.0000000e-02   8.0000000e-02   6.0000000e-02   0.0000000e+00
   2.5300000e+00   1.2600000e+00   7.0000000e-01   1.1300000e+00   5.5000000e-01   2.2000000e-01   4.0000000e-02   2.0000000e-02   7.0000000e-02   4.0000000e-02
   9.3000000e-01   2.0000000e+00   9.1000000e-01   1.9400000e+00   6.0000000e-01   5.9000000e-01   5.0000000e-02   4.0000000e-02   2.0000000e-02   3.0000000e-02
   4.0000000e-02   0.0000000e+00   1.0000000e-02   1.0000000e-02   0.0000000e+00   1.0000000e-02   0.0000000e+00   0.0000000e+00   2.0000000e-02   0.0000000e+00
   2.4000000e-01   1.3000000e-01   2.4000000e-01   7.0000000e-02   2.5000000e-01   5.0000000e-02   1.0000000e-02   1.0000000e-02   3.0000000e-02   3.0000000e-02
   7.5000000e-01   8.3000000e-01   5.6000000e-01   4.0000000e-01   1.9000000e-01   1.6000000e-01   5.0000000e-02   2.0000000e-02   0.0000000e+00   2.0000000e-02
   4.0000000e-02   2.2000000e-01   5.8000000e-01   2.5000000e-01   2.4000000e-01   1.4000000e-01   1.0000000e-01   4.0000000e-02   0.0000000e+00   2.0000000e-02
   4.0000000e-02   0.0000000e+00   5.0000000e-02   1.0000000e-02   3.0000000e-02   0.0000000e+00   4.0000000e-02   1.0000000e-02   4.0000000e-02   1.0000000e-02
   7.0000000e-02   8.0000000e-02   3.0000000e-02   4.0000000e-02   9.0000000e-02   1.0000000e-02   0.0000000e+00   1.0000000e-02   2.0000000e-02   1.0000000e-02
   0.0000000e+00   0.0000000e+00   0.0000000e+00   0.0000000e+00   0.0000000e+00   0.0000000e+00   3.0000000e-02   7.0000000e-02   0.0000000e+00   3.0000000e-02
   1.0000000e-02   0.0000000e+00   0.0000000e+00   0.0000000e+00   0.0000000e+00   1.0000000e-02   0.0000000e+00   1.0000000e-02   0.0000000e+00   0.0000000e+00
   6.0000000e-02   5.0000000e-02   5.0000000e-02   4.0000000e-02   8.0000000e-02   1.0000000e-01   4.0000000e-02   2.0000000e-02   4.0000000e-02   4.0000000e-02
