   8.0300000e+00   2.1600000e+00   1.8100000e+00   6.6000000e-01   1.5000000e-01   2.1000000e-01   1.5000000e-01   2.0000000e-02   6.0000000e-02   5.0000000e-02
   1.3410000e+01   9.0300000e+00   2.9800000e+00   1.2600000e+00   5.1000000e-01   1.0000000e-01   1.0000000e-02   6.0000000e-02   5.0000000e-02   9.0000000e-02
   6.0000000e+00   2.7700000e+00   9.3000000e-01   2.2900000e+00   3.4000000e-01   0.0000000e+00   3.3000000e-01   4.0000000e-02   3.0000000e-02   1.0000000e-02
   4.7600000e+00   1.0600000e+00   1.6200000e+00   3.9000000e-01   5.4000000e-01   1.6000000e-01   1.0000000e-02   2.0000000e-02   2.0000000e-02   2.0000000e-02
   1.1342000e+02   7.0050000e+01   1.2950000e+01   6.6500000e+00   1.3680000e+01   1.3600000e+00   1.4000000e-01   3.0000000e-02   3.0000000e-02   2.0000000e-02
   1.0475000e+02   8.5460000e+01   1.2170000e+01   1.9860000e+01   2.6400000e+00   4.6000000e-01   1.8000000e-01   8.0000000e-02   7.0000000e-02   7.0000000e-02
   6.0390000e+01   2.4540000e+01   1.6230000e+01   6.5100000e+00   1.4800000e+00   6.2000000e-01   4.0000000e-02   7.0000000e-02   0.0000000e+00   2.0000000e-02
   3.4030000e+01   1.5450000e+01   7.8500000e+00   4.6600000e+00   2.5000000e-01   3.0000000e-02   5.0000000e-02   9.0000000e-02   1.0000000e-02   2.0000000e-02
   6.1080000e+01   2.9790000e+01   1.0870000e+01   4.6100000e+00   1.7100000e+00   3.9000000e-01   6.0000000e-02   3.0000000e-02   4.0000000e-02   3.0000000e-02
   5.8000000e-01   8.7000000e-01   1.1300000e+00   6.1000000e-01   0.0000000e+00   6.1000000e-01   2.1000000e-01   2.0000000e-02   0.0000000e+00   6.0000000e-02
   1.4460000e+01   1.4270000e+01   7.2900000e+00   3.7200000e+00   1.7900000e+00   3.7000000e-01   8.0000000e-02   4.0000000e-02   4.0000000e-02   5.0000000e-02
   7.3310000e+01   7.9090000e+01   3.8280000e+01   2.0810000e+01   7.8900000e+00   2.5000000e+00   1.6800000e+00   0.0000000e+00   1.0000000e-01   0.0000000e+00
   1.9351000e+02   7.3430000e+01   4.0230000e+01   1.0140000e+01   3.8200000e+00   1.3000000e+00   5.9000000e-01   1.0000000e-02   5.0000000e-02   1.0000000e-01
   5.7030000e+01   2.2970000e+01   1.3480000e+01   4.6000000e+00   1.2900000e+00   2.8000000e-01   1.0000000e-01   1.0000000e-01   1.5000000e-01   1.7000000e-01
   3.0700000e+01   1.8060000e+01   9.2600000e+00   8.5700000e+00   5.7700000e+00   7.4000000e-01   4.0000000e-02   6.0000000e-02   1.3000000e-01   7.0000000e-02
   8.3300000e+00   8.5800000e+00   5.4100000e+00   4.4300000e+00   2.6200000e+00   1.8700000e+00   9.6000000e-01   9.0000000e-02   2.0000000e-02   1.0000000e-02
   1.7020000e+01   1.4030000e+01   8.4900000e+00   2.5500000e+00   1.9800000e+00   3.6000000e-01   2.4000000e-01   4.0000000e-02   2.0000000e-02   1.0000000e-02
   7.3200000e+00   2.4500000e+00   1.6600000e+00   1.1200000e+00   1.9000000e-01   5.9000000e-01   1.9000000e-01   2.0000000e-02   4.0000000e-02   3.0000000e-02
   3.2480000e+01   1.4930000e+01   7.4700000e+00   4.6800000e+00   3.5000000e-01   2.5000000e-01   7.0000000e-02   5.0000000e-02   8.0000000e-02   6.0000000e-02
   2.7910000e+01   2.8640000e+01   9.3700000e+00   0.0000000e+00   2.1800000e+00   1.8000000e-01   1.0000000e-02   4.0000000e-02   2.0000000e-02   1.0000000e-02
   3.8370000e+01   1.7110000e+01   9.1800000e+00   1.4000000e+00   2.9300000e+00   0.0000000e+00   1.0000000e-02   3.0000000e-02   4.0000000e-02   1.0000000e-02
   3.1782000e+02   2.4294000e+02   1.9751000e+02   1.9900000e+01   4.1970000e+01   2.6300000e+00   2.2000000e-01   9.0000000e-02   2.0000000e-02   3.0000000e-02
   2.0400000e+00   5.4000000e-01   0.0000000e+00   0.0000000e+00   2.0000000e-02   0.0000000e+00   4.0000000e-02   3.0000000e-02   1.0000000e-02   1.0000000e-02
   5.6144000e+02   1.8632000e+02   1.0725000e+02   3.2150000e+01   1.0390000e+01   3.5500000e+00   6.8000000e-01   1.6000000e-01   1.6000000e-01   6.0000000e-02
   2.0100000e+00   1.5100000e+00   8.0000000e-01   2.2000000e-01   1.8000000e-01   1.0000000e-02   0.0000000e+00   0.0000000e+00   2.0000000e-02   2.0000000e-02
   1.3177000e+02   3.9930000e+01   1.4450000e+01   7.7700000e+00   1.8000000e+00   4.5000000e-01   9.0000000e-02   1.2000000e-01   5.0000000e-02   1.9000000e-01
   5.6750000e+01   2.6960000e+01   1.2650000e+01   6.4000000e+00   2.5500000e+00   4.9000000e-01   4.0000000e-02   0.0000000e+00   4.0000000e-02   1.0000000e-02
   7.1035000e+02   3.1070000e+02   2.2722000e+02   1.3718000e+02   2.6980000e+01   6.3400000e+00   7.3000000e-01   0.0000000e+00   4.0000000e-02   1.3000000e-01
   5.8910000e+01   2.7800000e+01   1.6620000e+01   1.2510000e+01   2.5200000e+00   2.0200000e+00   2.5000000e-01   1.2000000e-01   2.0000000e-01   9.0000000e-02
   1.3940000e+02   7.0210000e+01   2.3410000e+01   1.9870000e+01   2.6100000e+00   1.0700000e+00   4.1000000e-01   1.7000000e-01   1.1000000e-01   9.0000000e-02
   2.8970000e+01   1.5120000e+01   6.6900000e+00   1.9500000e+00   0.0000000e+00   1.1000000e-01   1.2000000e-01   3.0000000e-02   4.0000000e-02   2.0000000e-02
   1.1093000e+02   7.3380000e+01   3.1430000e+01   6.3900000e+00   2.5700000e+00   1.7000000e-01   9.0000000e-02   1.5000000e-01   6.0000000e-02   4.0000000e-02
   2.2220000e+01   9.7100000e+00   5.6300000e+00   2.8500000e+00   3.8000000e-01   2.5000000e-01   3.1000000e-01   5.0000000e-02   1.0000000e-02   8.0000000e-02
   1.7214000e+02   7.0770000e+01   4.7930000e+01   2.6480000e+01   6.3100000e+00   1.3300000e+00   2.8000000e-01   1.5000000e-01   4.0000000e-02   1.0000000e-02
   1.9301000e+02   4.8910000e+01   3.2400000e+01   7.5300000e+00   1.1000000e+00   4.0000000e-01   5.8000000e-01   1.1000000e-01   1.6000000e-01   1.8000000e-01
   1.0430000e+01   1.3980000e+01   3.5800000e+00   3.0000000e-01   1.5400000e+00   1.1000000e-01   2.0000000e-02   0.0000000e+00   2.0000000e-02   4.0000000e-02
   3.0600000e+00   2.8900000e+00   1.0500000e+00   6.8000000e-01   9.3000000e-01   2.6000000e-01   4.0000000e-02   4.0000000e-02   1.1000000e-01   7.0000000e-02
   6.9940000e+01   3.6920000e+01   2.5070000e+01   1.2370000e+01   3.5300000e+00   6.1000000e-01   0.0000000e+00   1.0000000e-01   3.0000000e-02   1.0000000e-02
   9.5360000e+01   4.7170000e+01   1.9020000e+01   1.7130000e+01   2.7200000e+00   6.1000000e-01   2.5000000e-01   5.0000000e-02   2.0000000e-02   4.0000000e-02
   2.4283000e+02   1.4698000e+02   1.5572000e+02   1.3832000e+02   1.7977000e+02   5.6750000e+01   3.8000000e-01   7.0000000e-02   7.0000000e-02   6.0000000e-02
   3.2300000e+01   9.5500000e+00   5.5200000e+00   1.2870000e+01   5.1800000e+00   5.1600000e+00   4.4000000e-01   9.0000000e-02   6.0000000e-02   4.0000000e-02
   2.9200000e+00   2.0200000e+00   1.6700000e+00   7.4000000e-01   1.1400000e+00   4.0000000e-01   2.0400000e+00   4.0000000e-02   4.0000000e-02   4.0000000e-02
   2.6410000e+01   1.5430000e+01   2.8600000e+00   1.4300000e+00   2.6000000e-01   4.0000000e-02   2.1000000e-01   7.0000000e-02   4.0000000e-02   8.0000000e-02
   2.7920000e+01   1.4320000e+01   1.1750000e+01   8.8100000e+00   1.5600000e+00   1.1000000e+00   2.9000000e-01   2.5000000e-01   6.0000000e-02   3.0000000e-02
   2.5551000e+02   1.4533000e+02   5.9200000e+01   6.7400000e+01   1.9360000e+01   7.5800000e+00   1.2700000e+00   2.3000000e-01   9.0000000e-02   1.6000000e-01
   7.9084000e+02   1.7425000e+02   1.4236000e+02   3.8480000e+01   1.3980000e+01   1.7800000e+00   5.1000000e-01   6.0000000e-02   2.0000000e-02   4.0000000e-02
   2.6470000e+01   1.6540000e+01   6.3900000e+00   1.2600000e+00   3.9000000e-01   1.3000000e-01   1.6000000e-01   5.0000000e-02   2.0000000e-02   6.0000000e-02
   5.5490000e+01   4.1580000e+01   2.8710000e+01   1.2230000e+01   4.3500000e+00   1.5000000e-01   2.1000000e-01   2.2000000e-01   1.7000000e-01   3.1000000e-01
   4.1780000e+01   2.8720000e+01   7.6900000e+00   0.0000000e+00   2.7600000e+00   2.0300000e+00   8.6000000e-01   4.0000000e-02   4.0000000e-02   2.0000000e-02
   2.4300000e+01   2.2090000e+01   1.2430000e+01   1.4690000e+01   4.0300000e+00   6.7500000e+00   2.8000000e-01   6.4000000e-01   8.0000000e-02   4.0000000e-02
   6.9000000e-01   5.0000000e-01   5.0000000e-02   2.0000000e-02   0.0000000e+00   0.0000000e+00   4.0000000e-02   1.0000000e-02   2.0000000e-02   2.0000000e-02
   3.5280000e+01   9.8000000e+00   5.0600000e+00   2.4000000e+00   3.6000000e-01   2.0000000e-01   1.0000000e-02   0.0000000e+00   2.0000000e-02   2.0000000e-02
   4.1660000e+01   1.5070000e+01   6.3600000e+00   2.1800000e+00   8.6000000e-01   1.3000000e-01   4.0000000e-02   0.0000000e+00   4.0000000e-02   2.0000000e-02
   1.1200000e+00   7.0000000e-01   6.0000000e-02   2.8000000e-01   2.9000000e-01   7.9000000e-01   6.0000000e-02   4.0000000e-02   8.0000000e-02   1.1000000e-01
   4.7310000e+01   2.7320000e+01   5.4800000e+00   1.7200000e+00   1.1500000e+00   2.4000000e-01   4.0000000e-02   7.0000000e-02   5.0000000e-02   1.2000000e-01
   1.6990000e+01   1.2400000e+01   4.9400000e+00   1.1100000e+00   3.8000000e+00   7.8000000e-01   0.0000000e+00   1.4000000e-01   2.0000000e-02   8.0000000e-02
   3.6730000e+01   8.0300000e+00   3.5400000e+00   2.0300000e+00   1.0000000e-02   2.7000000e-01   1.8000000e-01   8.0000000e-02   1.1000000e-01   7.0000000e-02
   6.8578000e+02   1.7110000e+02   8.4110000e+01   4.3580000e+01   3.5300000e+00   4.9400000e+00   1.9000000e-01   1.2000000e-01   6.0000000e-02   7.0000000e-02
   1.2210000e+01   3.8100000e+00   1.8800000e+00   2.8000000e-01   1.2000000e-01   0.0000000e+00   1.0000000e-01   6.0000000e-02   8.0000000e-02   9.0000000e-02
   4.1800000e+00   1.9600000e+00   1.1700000e+00   2.2000000e-01   1.1300000e+00   3.6000000e-01   2.0000000e-02   1.4000000e-01   1.3000000e-01   1.4000000e-01
   8.5500000e+01   3.5100000e+01   1.8730000e+01   3.1200000e+00   5.4900000e+00   5.9000000e-01   8.0000000e-02   9.0000000e-02   1.2000000e-01   2.0000000e-02
   5.3060000e+01   3.6830000e+01   1.8170000e+01   6.7000000e+00   1.3100000e+00   0.0000000e+00   3.4000000e-01   9.0000000e-02   4.0000000e-02   2.0000000e-02
   1.7713000e+02   7.5140000e+01   2.5310000e+01   1.4860000e+01   1.3200000e+00   1.1700000e+00   1.0000000e-01   1.2000000e-01   1.0000000e-02   4.0000000e-02
   9.1540000e+01   3.2040000e+01   2.2890000e+01   9.9500000e+00   9.3000000e+00   3.2000000e+00   1.3000000e-01   3.0000000e-02   2.0000000e-02   2.1000000e-01
   2.7690000e+01   1.4920000e+01   3.3100000e+00   4.3900000e+00   2.7000000e-01   6.0000000e-01   1.0000000e-02   4.0000000e-02   0.0000000e+00   6.0000000e-02
   4.5510000e+01   2.2290000e+01   1.0290000e+01   5.4100000e+00   3.1200000e+00   1.5600000e+00   6.0000000e-02   6.0000000e-02   9.0000000e-02   9.0000000e-02
   3.7200000e+00   3.3600000e+00   1.4500000e+00   8.3000000e-01   1.0100000e+00   3.0000000e-02   1.1000000e-01   2.0000000e-02   4.0000000e-02   8.0000000e-02
   2.1300000e+01   2.3090000e+01   4.8100000e+00   6.0400000e+00   1.1200000e+00   9.7000000e-01   1.8000000e-01   2.1000000e-01   1.4000000e-01   2.4000000e-01
   7.9570000e+01   1.7910000e+01   1.4440000e+01   7.0300000e+00   1.1600000e+00   2.1900000e+00   3.2000000e-01   4.0000000e-02   6.0000000e-02   1.0000000e-01
   1.9936000e+02   5.7190000e+01   3.0330000e+01   1.9160000e+01   3.7100000e+00   1.0000000e-02   9.0000000e-02   1.0000000e-02   8.0000000e-02   6.0000000e-02
   1.0723000e+02   4.2780000e+01   2.5580000e+01   1.6350000e+01   4.1200000e+00   5.0000000e-02   2.5000000e-01   0.0000000e+00   2.0000000e-02   1.0000000e-02
   1.2870000e+01   5.0600000e+00   1.5500000e+00   6.1000000e-01   6.0000000e-02   1.5000000e-01   1.0000000e-01   5.0000000e-02   8.0000000e-02   4.0000000e-02
   8.3900000e+00   7.9000000e+00   2.9500000e+00   7.4000000e-01   6.2000000e-01   2.5000000e-01   0.0000000e+00   2.0000000e-02   5.0000000e-02   8.0000000e-02
   1.3790000e+01   5.5900000e+00   8.9000000e-01   1.1900000e+00   1.0000000e-02   0.0000000e+00   2.0000000e-02   1.0000000e-02   1.0000000e-02   1.0000000e-02
   1.9129000e+02   4.8680000e+01   3.8470000e+01   3.1920000e+01   1.2840000e+01   2.6400000e+00   3.3000000e-01   1.0000000e-01   3.0000000e-02   1.0000000e-01
   4.3620000e+01   1.4530000e+01   2.8900000e+00   0.0000000e+00   0.0000000e+00   0.0000000e+00   1.0000000e-02   3.0000000e-02   1.2000000e-01   2.0000000e-02
   4.3000000e+00   1.5400000e+00   1.4000000e-01   9.0000000e-02   2.0000000e-02   5.0000000e-02   1.5000000e-01   8.0000000e-02   6.0000000e-02   5.0000000e-02
   8.9800000e+00   3.5000000e-01   2.1900000e+00   1.1700000e+00   0.0000000e+00   0.0000000e+00   2.7000000e-01   7.0000000e-02   6.0000000e-02   6.0000000e-02
   4.9050000e+01   2.0700000e+01   1.2790000e+01   1.8200000e+00   2.0700000e+00   6.0000000e-01   9.0000000e-02   1.7000000e-01   8.0000000e-02   7.0000000e-02
   1.4352000e+02   8.4040000e+01   4.1270000e+01   5.4700000e+00   1.7000000e+00   3.0000000e-02   9.0000000e-02   2.3000000e-01   1.3000000e-01   1.2000000e-01
   5.6234000e+02   1.4377000e+02   6.9260000e+01   3.6600000e+00   3.0850000e+01   1.3400000e+00   3.0000000e-02   0.0000000e+00   1.1000000e-01   2.0000000e-02
   7.4746000e+02   3.0945000e+02   1.5069000e+02   5.1170000e+01   7.9860000e+01   8.5700000e+00   4.5000000e-01   1.6000000e-01   1.5000000e-01   7.0000000e-02
   3.1840000e+01   2.1290000e+01   1.0200000e+01   2.2500000e+00   9.3000000e-01   1.0000000e-01   2.0000000e-02   6.0000000e-02   6.0000000e-02   8.0000000e-02
   4.4200000e+00   2.9500000e+00   1.0200000e+00   1.6000000e-01   2.0000000e-02   4.0000000e-02   4.0000000e-02   6.0000000e-02   3.0000000e-02   3.0000000e-02
   1.4276000e+02   5.1350000e+01   2.4870000e+01   8.8400000e+00   4.2300000e+00   1.2100000e+00   3.2000000e-01   7.0000000e-02   1.1000000e-01   1.7000000e-01
   7.4400000e+00   2.1400000e+00   2.9000000e-01   0.0000000e+00   1.7000000e-01   4.1000000e-01   1.6000000e-01   5.0000000e-02   6.0000000e-02   0.0000000e+00
   1.7750000e+01   2.4100000e+00   2.3400000e+00   1.0500000e+00   0.0000000e+00   2.4000000e-01   7.0000000e-02   9.0000000e-02   1.6000000e-01   1.0000000e-01
   1.7140000e+01   6.9000000e+00   7.7000000e-01   9.2000000e-01   1.0700000e+00   3.2000000e-01   1.1000000e-01   8.0000000e-02   2.0000000e-02   3.0000000e-02
   4.3940000e+01   2.6200000e+01   1.2030000e+01   3.1400000e+00   4.1000000e-01   2.5000000e-01   0.0000000e+00   4.0000000e-02   0.0000000e+00   6.0000000e-02
   2.3731000e+02   1.2752000e+02   3.1630000e+01   3.2030000e+01   1.9200000e+00   0.0000000e+00   5.6000000e-01   9.0000000e-02   9.0000000e-02   3.0000000e-02
   1.0624000e+02   5.0290000e+01   2.6170000e+01   4.0220000e+01   5.8300000e+00   1.3200000e+00   1.3000000e-01   1.6000000e-01   1.0000000e-02   2.0000000e-02
   6.9600000e+00   2.0100000e+00   3.0000000e-01   2.7000000e-01   8.4000000e-01   1.3000000e-01   3.2000000e-01   6.0000000e-02   1.1000000e-01   2.0000000e-02
   5.3013000e+02   2.4539000e+02   1.2171000e+02   2.3930000e+01   6.4190000e+01   1.8790000e+01   3.3100000e+00   4.8000000e-01   1.0000000e-01   9.0000000e-02
   5.2430000e+01   2.9190000e+01   1.2840000e+01   1.5530000e+01   1.9600000e+00   1.6000000e-01   1.3000000e-01   2.0000000e-02   2.0000000e-02   0.0000000e+00
   7.1200000e+00   3.9900000e+00   1.6300000e+00   3.5200000e+00   8.6000000e-01   3.5000000e-01   1.3000000e-01   1.2000000e-01   0.0000000e+00   5.0000000e-02
   2.8800000e+00   3.4000000e-01   8.1000000e-01   1.6000000e-01   0.0000000e+00   2.0000000e-01   1.9000000e-01   2.5000000e-01   5.0000000e-02   6.0000000e-02
   2.0536000e+02   8.5370000e+01   5.8540000e+01   2.1220000e+01   1.7420000e+01   1.9100000e+00   9.0000000e-01   5.0000000e-02   3.0000000e-02   0.0000000e+00
   1.0000000e+01   3.2500000e+00   1.6400000e+00   0.0000000e+00   3.6000000e-01   6.0000000e-02   5.0000000e-02   0.0000000e+00   0.0000000e+00   2.0000000e-02
   2.7150000e+01   1.7620000e+01   8.3800000e+00   3.0800000e+00   2.2800000e+00   6.6000000e-01   2.4000000e-01   4.0000000e-02   3.0000000e-02   4.0000000e-02
   1.4020000e+01   9.2000000e+00   4.1100000e+00   2.1200000e+00   1.5800000e+00   2.0000000e-01   3.0000000e-02   1.2000000e-01   1.0000000e-02   1.0000000e-02
   1.1136000e+02   8.2160000e+01   4.0400000e+01   1.1230000e+01   8.8000000e+00   4.8200000e+00   2.6000000e+00   1.3000000e-01   3.0000000e-02   8.0000000e-02
   8.6300000e+00   5.0400000e+00   2.3200000e+00   1.5400000e+00   3.3000000e-01   2.3000000e-01   1.0000000e-02   5.0000000e-02   6.0000000e-02   2.0000000e-02
   8.8250000e+01   3.9790000e+01   1.0300000e+01   6.8300000e+00   6.6000000e-01   5.5000000e-01   1.0000000e-01   2.3000000e-01   1.5000000e-01   5.0000000e-02
   2.3691000e+02   1.1873000e+02   6.4320000e+01   1.4420000e+01   1.5200000e+00   5.7000000e-01   3.7000000e-01   6.0000000e-02   1.8000000e-01   1.2000000e-01
   3.8591000e+02   1.2948000e+02   4.7110000e+01   7.2500000e+00   1.5400000e+00   1.5000000e-01   6.0000000e-02   1.7000000e-01   1.2000000e-01   6.0000000e-02
   6.3000000e-01   7.0000000e-02   0.0000000e+00   0.0000000e+00   0.0000000e+00   0.0000000e+00   0.0000000e+00   4.0000000e-02   4.0000000e-02   0.0000000e+00
   7.6330000e+01   4.3670000e+01   2.0310000e+01   3.3200000e+00   4.1500000e+00   6.2000000e-01   4.0000000e-02   9.0000000e-02   4.0000000e-02   2.0000000e-02
   1.2372000e+02   1.0152000e+02   5.1360000e+01   1.4890000e+01   1.0340000e+01   1.3800000e+00   6.0000000e-02   1.0000000e-02   3.0000000e-02   8.0000000e-02
   1.5540000e+01   7.2600000e+00   6.4300000e+00   3.0000000e-02   4.3000000e-01   5.0000000e-02   3.0000000e-02   4.0000000e-02   4.0000000e-02   5.0000000e-02
   3.9610000e+01   2.1140000e+01   1.1800000e+01   3.9100000e+00   1.4700000e+00   6.7000000e-01   2.5000000e-01   2.0000000e-02   1.0000000e-02   3.0000000e-02
   2.0400000e+00   1.1100000e+00   3.2000000e-01   4.1000000e-01   3.0000000e-02   6.0000000e-02   0.0000000e+00   0.0000000e+00   2.0000000e-02   0.0000000e+00
   9.9240000e+01   3.6710000e+01   1.4920000e+01   5.0700000e+00   1.9000000e+00   1.5000000e-01   6.0000000e-02   5.0000000e-02   0.0000000e+00   2.0000000e-02
   6.2230000e+01   1.8750000e+01   1.1270000e+01   4.3600000e+00   4.8400000e+00   1.3900000e+00   2.3000000e-01   1.0000000e-02   1.0000000e-01   7.0000000e-02
   1.6422000e+02   4.6770000e+01   1.0670000e+01   3.3700000e+00   1.4700000e+00   8.0000000e-02   2.0000000e-02   0.0000000e+00   2.0000000e-02   1.0000000e-02
   3.5780000e+01   1.6660000e+01   6.9800000e+00   8.9000000e-01   0.0000000e+00   6.0000000e-02   1.3000000e-01   6.0000000e-02   4.0000000e-02   0.0000000e+00
   6.8940000e+01   2.7040000e+01   1.3660000e+01   5.5300000e+00   2.9000000e+00   5.6000000e-01   4.8000000e-01   1.7000000e-01   6.0000000e-02   7.0000000e-02
   6.4440000e+01   2.1610000e+01   1.0030000e+01   1.5400000e+00   4.7000000e-01   9.0000000e-02   1.1000000e-01   4.0000000e-02   9.0000000e-02   6.0000000e-02
   2.2650000e+01   1.9580000e+01   1.0150000e+01   1.8300000e+00   3.6900000e+00   8.1000000e-01   1.2000000e-01   6.0000000e-02   4.0000000e-02   5.0000000e-02
   2.8996000e+02   1.7477000e+02   1.7516000e+02   3.5280000e+01   1.9080000e+01   7.9000000e-01   1.1800000e+00   1.2000000e-01   4.0000000e-02   1.1000000e-01
   1.5300000e+00   5.8000000e-01   6.8000000e-01   1.7000000e-01   3.9000000e-01   1.0000000e-01   1.7000000e-01   6.0000000e-02   8.0000000e-02   8.0000000e-02
   2.2707000e+02   6.6500000e+01   2.1750000e+01   8.0000000e+00   8.2200000e+00   9.6000000e-01   8.0000000e-02   0.0000000e+00   4.0000000e-02   3.0000000e-02
   6.9770000e+01   2.7920000e+01   1.3520000e+01   1.2400000e+00   4.3000000e-01   0.0000000e+00   0.0000000e+00   2.0000000e-02   4.0000000e-02   4.0000000e-02
   5.7418000e+02   4.4013000e+02   6.1950000e+01   4.8680000e+01   2.0160000e+01   4.2100000e+00   4.0000000e-01   5.0000000e-02   1.0000000e-02   2.0000000e-02
   1.5870000e+01   7.7300000e+00   1.6600000e+00   1.4000000e+00   2.6000000e-01   2.3000000e-01   7.0000000e-02   1.1000000e-01   6.0000000e-02   3.0000000e-02
   2.3070000e+01   8.2300000e+00   3.9700000e+00   1.2600000e+00   1.1800000e+00   5.4000000e-01   9.0000000e-02   1.2000000e-01   1.0000000e-02   5.0000000e-02
   1.6730000e+01   1.7320000e+01   2.8300000e+00   1.5100000e+00   1.9700000e+00   5.9000000e-01   5.0000000e-02   1.0000000e-02   0.0000000e+00   3.0000000e-02
   1.3230000e+01   6.5700000e+00   3.7600000e+00   2.8100000e+00   2.0100000e+00   9.8000000e-01   7.0000000e-02   0.0000000e+00   3.0000000e-02   4.0000000e-02
   1.3530000e+01   5.9000000e+00   1.0200000e+00   1.8500000e+00   4.0000000e-01   3.2000000e-01   2.2000000e-01   1.1000000e-01   1.1000000e-01   1.1000000e-01
   3.0331000e+02   1.2415000e+02   7.3280000e+01   2.9020000e+01   1.4940000e+01   9.1000000e+00   1.5600000e+00   1.5000000e-01   1.3000000e-01   9.0000000e-02
   7.0142000e+02   2.1688000e+02   1.4710000e+02   1.3900000e+01   3.8300000e+00   0.0000000e+00   1.8000000e-01   5.0000000e-02   1.7000000e-01   8.0000000e-02
   3.0450000e+01   1.6940000e+01   7.1800000e+00   1.3000000e+00   1.2600000e+00   2.3000000e-01   8.0000000e-02   8.0000000e-02   4.0000000e-02   0.0000000e+00
   2.8174000e+02   1.2525000e+02   3.4830000e+01   1.0310000e+01   2.9900000e+00   7.0000000e-02   2.0000000e-02   2.8000000e-01   2.0000000e-02   0.0000000e+00
   5.5580000e+01   3.1580000e+01   4.7200000e+00   7.4700000e+00   1.5300000e+00   4.2000000e-01   2.0000000e-01   1.2000000e-01   9.0000000e-02   6.0000000e-02
   2.5860000e+01   1.1290000e+01   4.6400000e+00   4.9000000e-01   8.9000000e-01   7.0000000e-02   5.0000000e-02   2.0000000e-02   6.0000000e-02   5.0000000e-02
   2.8220000e+01   6.9000000e+00   1.6300000e+00   2.5900000e+00   6.0000000e-01   4.6000000e-01   1.7000000e-01   0.0000000e+00   2.0000000e-02   6.0000000e-02
   3.0790000e+01   8.1400000e+00   5.2800000e+00   2.4400000e+00   2.4400000e+00   1.4000000e-01   2.4000000e-01   4.0000000e-02   1.7000000e-01   6.0000000e-02
   4.9180000e+01   1.8120000e+01   1.1700000e+01   4.8600000e+00   1.6900000e+00   1.1100000e+00   2.6000000e-01   1.2000000e-01   7.0000000e-02   1.1000000e-01
   4.6900000e+00   1.9100000e+00   1.4700000e+00   8.8000000e-01   1.2300000e+00   3.0000000e-02   1.8000000e-01   1.5000000e-01   7.0000000e-02   9.0000000e-02
   2.3270000e+01   2.6030000e+01   4.0700000e+00   5.0900000e+00   2.1100000e+00   8.0000000e-02   1.2000000e-01   1.5000000e-01   3.0000000e-02   1.1000000e-01
   4.3310000e+01   2.1220000e+01   3.6400000e+00   2.8200000e+00   2.2000000e+00   6.1000000e-01   1.4000000e-01   5.0000000e-02   1.0000000e-02   2.0000000e-02
   2.8166000e+02   1.0622000e+02   5.4460000e+01   1.1780000e+01   7.0300000e+00   1.0300000e+00   2.0000000e-01   8.0000000e-02   5.0000000e-02   2.0000000e-02
   1.4500000e+02   9.7850000e+01   3.0960000e+01   9.6700000e+00   4.2900000e+00   1.5700000e+00   6.7000000e-01   2.2000000e-01   2.7000000e-01   7.0000000e-02
   1.7600000e+01   1.9130000e+01   6.0200000e+00   4.7000000e-01   1.3900000e+00   3.1000000e-01   2.1900000e+00   2.2000000e-01   9.0000000e-02   2.3000000e-01
   1.4549000e+02   7.4520000e+01   8.4100000e+00   1.2990000e+01   7.3500000e+00   4.2000000e-01   3.1000000e-01   2.0000000e-01   1.5000000e-01   1.0000000e-01
   1.8418000e+02   5.0590000e+01   3.0090000e+01   7.5900000e+00   4.2100000e+00   1.8000000e-01   1.1000000e-01   0.0000000e+00   2.0000000e-02   1.0000000e-02
   1.2620000e+01   4.5300000e+00   1.6600000e+00   2.6000000e-01   4.3000000e-01   4.6000000e-01   1.1000000e-01   2.0000000e-02   1.6000000e-01   2.0000000e-01
   5.9880000e+01   2.9200000e+01   8.1900000e+00   4.2300000e+00   1.1300000e+00   1.7000000e-01   5.0000000e-02   1.4000000e-01   5.0000000e-02   8.0000000e-02
   9.5750000e+01   5.5330000e+01   1.8350000e+01   1.2500000e+00   5.3000000e-01   3.9000000e-01   2.0000000e-02   4.0000000e-02   1.2000000e-01   7.0000000e-02
   6.8300000e+00   4.6100000e+00   1.3600000e+00   2.7000000e-01   2.9000000e-01   1.2000000e-01   2.0000000e-01   0.0000000e+00   3.0000000e-02   6.0000000e-02
   4.0600000e+00   2.4800000e+00   2.3000000e-01   1.8000000e-01   6.0000000e-02   8.0000000e-02   2.4000000e-01   1.0000000e-02   1.0000000e-02   0.0000000e+00
   2.0308000e+02   1.3422000e+02   4.4990000e+01   8.2100000e+00   9.5000000e-01   2.5000000e-01   4.0000000e-02   7.0000000e-02   7.0000000e-02   1.1000000e-01
   2.5130000e+01   9.5200000e+00   4.8400000e+00   6.7000000e-01   1.6000000e-01   0.0000000e+00   0.0000000e+00   3.0000000e-02   2.0000000e-02   3.0000000e-02
   7.5690000e+01   3.9700000e+01   7.4100000e+00   5.1200000e+00   1.1400000e+00   4.0000000e-01   1.9000000e-01   2.4000000e-01   1.4000000e-01   1.2000000e-01
   1.5700000e+00   1.3700000e+00   1.7000000e-01   6.1000000e-01   1.0000000e-02   2.9000000e-01   2.0000000e-02   8.0000000e-02   5.0000000e-02   8.0000000e-02
   2.5900000e+01   1.4030000e+01   7.9900000e+00   6.2700000e+00   3.2400000e+00   0.0000000e+00   2.0000000e-02   3.0000000e-02   2.0000000e-02   2.0000000e-02
   9.7500000e+00   6.5300000e+00   3.4600000e+00   2.4300000e+00   2.9200000e+00   5.3000000e-01   1.7000000e-01   6.0000000e-02   1.4000000e-01   5.3000000e-01
   6.3660000e+01   3.3580000e+01   8.5700000e+00   6.2600000e+00   2.1000000e+00   1.3000000e-01   7.0000000e-02   9.0000000e-02   0.0000000e+00   4.0000000e-02
   4.5110000e+01   3.2440000e+01   1.2220000e+01   3.0900000e+00   5.5000000e-01   4.9000000e-01   1.0000000e-01   7.0000000e-02   1.0000000e-01   3.0000000e-02
   1.0689500e+03   6.1053000e+02   1.9631000e+02   2.1930000e+01   1.7100000e+01   7.8000000e-01   4.0000000e-02   9.0000000e-02   2.0000000e-02   3.0000000e-02
   3.5134000e+02   2.3181000e+02   1.8420000e+01   3.5650000e+01   2.3700000e+00   5.7700000e+00   6.0000000e-01   0.0000000e+00   7.0000000e-02   6.0000000e-02
   5.5729000e+02   3.8478000e+02   1.2020000e+02   7.2700000e+00   6.7700000e+00   2.1400000e+00   3.6000000e-01   2.0000000e-02   6.0000000e-02   4.0000000e-02
   2.2943000e+02   6.7950000e+01   4.0860000e+01   1.4220000e+01   1.6260000e+01   3.1700000e+00   5.4000000e-01   4.0000000e-02   6.0000000e-02   1.5000000e-01
   7.7840000e+01   5.3440000e+01   1.2200000e+01   9.2900000e+00   3.2100000e+00   8.7000000e-01   4.4000000e-01   1.0000000e-01   1.0000000e-01   4.0000000e-02
   2.0300000e+01   1.4010000e+01   5.3200000e+00   1.6600000e+00   1.1400000e+00   9.9000000e-01   1.4000000e-01   3.0000000e-02   4.0000000e-02   4.0000000e-02
   1.0960000e+01   6.5700000e+00   3.2300000e+00   1.3000000e+00   2.6000000e-01   2.0000000e-01   4.1000000e-01   2.2000000e-01   1.2000000e-01   2.8000000e-01
   5.7700000e+00   3.1700000e+00   0.0000000e+00   4.7000000e-01   0.0000000e+00   1.5000000e-01   0.0000000e+00   0.0000000e+00   0.0000000e+00   1.0000000e-02
   4.7220000e+01   2.8180000e+01   1.1150000e+01   2.5200000e+00   2.2400000e+00   4.3000000e-01   3.0000000e-02   3.0000000e-02   1.0000000e-01   6.0000000e-02
   1.4920000e+01   5.5700000e+00   2.9900000e+00   5.4000000e-01   2.6000000e-01   0.0000000e+00   3.0000000e-02   2.0000000e-02   3.0000000e-02   3.0000000e-02
   1.2140000e+01   3.7100000e+00   2.7200000e+00   8.9000000e-01   4.6000000e-01   2.9000000e-01   5.0000000e-02   2.0000000e-02   2.0000000e-02   7.0000000e-02
   3.4000000e+00   1.4200000e+00   5.0000000e-01   3.0000000e-02   1.8000000e-01   2.0000000e-02   1.0000000e-02   1.0000000e-02   2.0000000e-02   3.0000000e-02
   2.8171000e+02   1.6699000e+02   1.7310000e+01   3.4610000e+01   3.8000000e+00   2.0300000e+00   7.0000000e-02   2.1000000e-01   3.0000000e-02   1.9000000e-01
   1.9740000e+01   1.1720000e+01   5.9700000e+00   8.5000000e-01   1.2900000e+00   9.8000000e-01   3.7000000e-01   8.0000000e-02   5.0000000e-02   1.0000000e-01
   9.1500000e+00   4.0100000e+00   1.5100000e+00   5.3000000e-01   0.0000000e+00   6.2000000e-01   9.0000000e-02   1.0000000e-02   1.0000000e-02   1.0000000e-02
   1.5590000e+01   4.8400000e+00   2.4300000e+00   5.9000000e-01   0.0000000e+00   2.0000000e-02   2.0000000e-02   0.0000000e+00   3.0000000e-02   4.0000000e-02
   3.0879000e+02   1.9107000e+02   4.7770000e+01   3.4500000e+01   7.8000000e+00   9.9000000e-01   1.7000000e-01   1.0000000e-02   4.0000000e-02   3.0000000e-02
   4.0100000e+01   2.5730000e+01   1.6800000e+00   4.2400000e+00   2.4000000e-01   7.0000000e-02   5.0000000e-02   4.0000000e-02   0.0000000e+00   2.0000000e-02
   2.8255000e+02   1.1301000e+02   5.0400000e+01   2.2830000e+01   3.2800000e+00   9.3000000e-01   2.0000000e-01   7.0000000e-02   1.0000000e-02   2.0000000e-02
   5.6440000e+01   3.8610000e+01   7.0500000e+00   6.6800000e+00   1.7800000e+00   9.5000000e-01   1.4000000e-01   1.0000000e-01   5.0000000e-02   6.0000000e-02
   2.4715000e+02   1.0590000e+02   1.4640000e+01   1.9200000e+01   2.9000000e+00   9.4000000e-01   5.0000000e-02   1.5000000e-01   5.0000000e-02   1.2000000e-01
   1.0162600e+03   4.8118000e+02   1.3669000e+02   1.1902000e+02   1.2340000e+01   8.0500000e+00   2.7000000e-01   1.3000000e-01   9.0000000e-02   1.0000000e-02
   3.8363000e+02   1.4414000e+02   9.5120000e+01   1.6920000e+01   6.0000000e+00   1.0400000e+00   2.5000000e-01   2.0000000e-02   6.0000000e-02   6.0000000e-02
   3.9190000e+01   1.5150000e+01   1.0900000e+01   1.7700000e+00   4.4000000e-01   2.0000000e-01   1.3000000e-01   0.0000000e+00   1.1000000e-01   5.0000000e-02
   7.3169000e+02   3.2279000e+02   1.8608000e+02   9.9850000e+01   2.5330000e+01   2.0800000e+00   1.0000000e-01   1.2000000e-01   4.0000000e-02   1.3000000e-01
   1.0670000e+01   3.6500000e+00   3.3400000e+00   2.1100000e+00   1.0000000e-01   3.0000000e-02   0.0000000e+00   5.0000000e-02   1.2000000e-01   2.0000000e-02
   2.3440000e+01   5.7200000e+00   2.7100000e+00   6.9000000e-01   0.0000000e+00   9.0000000e-02   3.0000000e-02   7.0000000e-02   2.0000000e-02   6.0000000e-02
   9.1190000e+01   5.4000000e+01   1.6440000e+01   2.0860000e+01   3.3300000e+00   3.3400000e+00   2.2200000e+00   1.8000000e-01   4.0000000e-02   1.0000000e-02
   3.5030000e+01   1.2500000e+01   1.8800000e+01   6.3000000e-01   1.5300000e+00   3.7000000e-01   2.4000000e-01   0.0000000e+00   4.0000000e-02   6.0000000e-02
   1.7235000e+02   7.4320000e+01   6.0850000e+01   2.2960000e+01   1.1930000e+01   5.3000000e+00   2.4000000e-01   1.0000000e-02   5.0000000e-02   1.0000000e-01
   7.3750000e+01   3.7170000e+01   3.3480000e+01   4.0500000e+00   8.8000000e-01   2.1000000e-01   1.0000000e-01   4.0000000e-02   5.0000000e-02   1.0000000e-02
   7.0990000e+01   2.8130000e+01   3.1300000e+01   1.1940000e+01   2.7600000e+00   1.2200000e+00   1.7000000e-01   3.0000000e-02   3.0000000e-02   6.0000000e-02
   3.5169620e+04   2.2982240e+04   6.2323100e+03   5.2965700e+03   5.2726000e+02   2.0250000e+01   3.3500000e+00   1.3000000e-01   9.0000000e-02   5.0000000e-02
   7.8700000e+01   3.0620000e+01   1.0630000e+01   1.7500000e+00   1.1100000e+00   3.8000000e-01   1.4000000e-01   2.1000000e-01   1.1000000e-01   1.2000000e-01
   8.7630000e+01   6.3410000e+01   3.0000000e+01   3.9000000e+00   5.2500000e+00   1.3600000e+00   2.9000000e-01   1.1000000e-01   1.2000000e-01   3.0000000e-02
   2.3870000e+01   1.3860000e+01   5.2600000e+00   2.0900000e+00   7.0000000e-02   1.0000000e-02   0.0000000e+00   3.0000000e-02   2.0000000e-02   0.0000000e+00
   7.9711000e+02   3.2327000e+02   6.2510000e+01   1.5630000e+01   4.9500000e+00   1.0400000e+00   1.2000000e-01   3.0000000e-02   1.0000000e-02   1.3000000e-01
   1.6810000e+01   9.5100000e+00   6.3600000e+00   4.4700000e+00   2.5700000e+00   2.6300000e+00   8.0000000e-02   0.0000000e+00   4.0000000e-02   8.0000000e-02
   6.5530000e+01   2.1460000e+01   9.7900000e+00   2.6500000e+00   1.1900000e+00   1.8500000e+00   3.6000000e-01   7.0000000e-02   8.0000000e-02   3.0000000e-02
   5.8900000e+00   3.0600000e+00   7.4000000e-01   1.4000000e-01   1.1000000e-01   1.0000000e-01   7.0000000e-02   9.0000000e-02   4.0000000e-02   2.0000000e-02
   4.1460000e+01   2.4750000e+01   1.0380000e+01   1.8700000e+00   6.8000000e-01   3.2000000e-01   0.0000000e+00   0.0000000e+00   3.0000000e-02   3.0000000e-02
   1.6800000e+01   5.9600000e+00   2.6200000e+00   1.8900000e+00   6.0000000e-02   6.0000000e-02   2.0000000e-02   0.0000000e+00   0.0000000e+00   1.0000000e-02
   1.6110000e+01   9.3500000e+00   8.6000000e-01   7.1000000e-01   1.3000000e-01   0.0000000e+00   6.0000000e-02   2.0000000e-02   1.0000000e-02   2.0000000e-02
   2.6080000e+01   2.1490000e+01   1.1120000e+01   3.7900000e+00   1.7200000e+00   5.5000000e-01   1.2000000e-01   1.0000000e-02   7.0000000e-02   0.0000000e+00
   1.1896000e+02   4.7050000e+01   1.1220000e+01   2.5410000e+01   2.5500000e+00   1.1600000e+00   2.0000000e-02   4.0000000e-02   0.0000000e+00   1.0000000e-02
   1.0470000e+01   5.7400000e+00   2.0900000e+00   1.5000000e-01   3.2000000e-01   0.0000000e+00   6.0000000e-02   3.0000000e-02   5.0000000e-02   5.0000000e-02
   7.3100000e+00   3.1100000e+00   1.5500000e+00   0.0000000e+00   1.1100000e+00   0.0000000e+00   2.0000000e-02   0.0000000e+00   4.0000000e-02   0.0000000e+00
   2.9660000e+01   1.3310000e+01   1.6400000e+00   0.0000000e+00   1.0000000e-01   0.0000000e+00   1.0000000e-02   0.0000000e+00   0.0000000e+00   2.0000000e-02
   6.4100000e+00   2.9800000e+00   2.8500000e+00   1.6100000e+00   3.8000000e-01   1.0000000e-01   4.0000000e-02   0.0000000e+00   0.0000000e+00   0.0000000e+00
   3.6975000e+02   1.5254000e+02   8.3400000e+01   1.1460000e+01   6.6900000e+00   2.1600000e+00   0.0000000e+00   2.4000000e-01   1.5000000e-01   1.4000000e-01
   1.6890000e+01   8.3000000e+00   2.5500000e+00   2.8800000e+00   7.6000000e-01   4.6000000e-01   1.4000000e-01   1.0000000e-02   6.0000000e-02   2.0000000e-02
   1.4290000e+01   9.5000000e+00   3.1100000e+00   1.0100000e+00   1.0000000e-02   0.0000000e+00   2.0000000e-02   1.0000000e-02   4.0000000e-02   0.0000000e+00
   9.3410000e+01   4.2130000e+01   2.5150000e+01   9.2700000e+00   4.7900000e+00   3.3000000e-01   2.0000000e-01   0.0000000e+00   1.1000000e-01   4.0000000e-02
   5.0460000e+01   2.9480000e+01   2.1650000e+01   6.7800000e+00   1.3900000e+00   5.1000000e-01   2.6000000e-01   7.0000000e-02   9.0000000e-02   6.0000000e-02
   1.2627600e+03   6.7237000e+02   5.7508000e+02   1.5812000e+02   6.1490000e+01   4.6600000e+00   6.4000000e-01   1.4000000e-01   1.2000000e-01   1.7000000e-01
   1.7086000e+02   7.7150000e+01   2.5400000e+01   1.0010000e+01   2.6400000e+00   1.6000000e-01   1.1000000e-01   1.7000000e-01   7.0000000e-02   9.0000000e-02
   3.9550000e+01   2.4470000e+01   8.6200000e+00   1.4900000e+00   0.0000000e+00   0.0000000e+00   1.2000000e-01   2.0000000e-02   0.0000000e+00   1.0000000e-02
   3.2630000e+01   1.4410000e+01   6.9400000e+00   1.5100000e+00   5.7000000e-01   1.7000000e-01   1.3000000e-01   9.0000000e-02   2.0000000e-02   1.6000000e-01
   1.2200000e+00   7.5000000e-01   1.0100000e+00   7.9000000e-01   2.7000000e-01   4.9000000e-01   1.3000000e-01   0.0000000e+00   2.0000000e-02   2.0000000e-02
   5.5990000e+01   2.5480000e+01   1.6060000e+01   2.7900000e+00   1.4100000e+00   1.4000000e-01   0.0000000e+00   2.0000000e-02   1.3000000e-01   4.0000000e-02
   4.9180000e+01   2.4630000e+01   6.5500000e+00   1.3380000e+01   4.0400000e+00   5.1100000e+00   1.6200000e+00   5.0000000e-02   7.0000000e-02   4.0000000e-02
   4.2800000e+00   2.6000000e+00   1.1200000e+00   1.1800000e+00   2.9000000e-01   4.1000000e-01   6.0000000e-02   1.7000000e-01   5.0000000e-02   1.0000000e-01
   1.4900000e+01   8.9000000e+00   4.9200000e+00   1.5400000e+00   8.6000000e-01   1.7000000e-01   8.0000000e-02   0.0000000e+00   2.0000000e-02   0.0000000e+00
   2.7700000e+01   1.4550000e+01   8.0800000e+00   2.5200000e+00   9.0000000e-01   9.0000000e-02   1.0000000e-02   2.0000000e-02   0.0000000e+00   6.0000000e-02
   1.8540000e+01   1.1250000e+01   5.7300000e+00   3.2000000e+00   2.3000000e+00   1.9000000e-01   3.3000000e-01   1.2000000e-01   3.0000000e-02   2.0000000e-02
   3.8507000e+02   1.5858000e+02   1.2448000e+02   5.3290000e+01   2.3670000e+01   2.2400000e+00   1.2100000e+00   0.0000000e+00   1.9000000e-01   8.0000000e-02
   1.9280000e+01   8.8100000e+00   1.1620000e+01   2.2500000e+00   3.4200000e+00   1.7900000e+00   8.1000000e-01   7.0000000e-02   8.0000000e-02   3.0000000e-02
   3.9334000e+02   2.1622000e+02   6.6270000e+01   3.4820000e+01   6.4700000e+00   7.5000000e-01   5.0000000e-02   6.0000000e-02   2.0000000e-02   5.0000000e-02
   2.3340000e+01   1.5870000e+01   1.1010000e+01   5.2000000e+00   2.6100000e+00   2.9000000e-01   1.0000000e-01   0.0000000e+00   3.0000000e-02   0.0000000e+00
   1.8550000e+01   9.6200000e+00   4.7200000e+00   3.3900000e+00   6.5000000e-01   5.3000000e-01   1.2000000e-01   3.0000000e-02   6.0000000e-02   3.0000000e-02
   1.3870000e+02   8.0390000e+01   6.4950000e+01   2.5970000e+01   4.5300000e+00   4.2000000e-01   9.0000000e-02   4.0000000e-02   8.0000000e-02   2.0000000e-02
   2.9030000e+01   1.5120000e+01   5.9000000e+00   2.5600000e+00   9.2000000e-01   3.3000000e-01   3.0000000e-02   3.0000000e-02   1.0000000e-02   6.0000000e-02
   2.6850000e+01   1.5870000e+01   5.7900000e+00   2.3100000e+00   5.6000000e-01   3.6000000e-01   1.2000000e-01   4.0000000e-02   1.0000000e-02   1.1000000e-01
   3.1100000e+01   1.7050000e+01   6.2800000e+00   2.3300000e+00   8.7000000e-01   2.4000000e-01   1.2000000e-01   7.0000000e-02   4.0000000e-02   5.0000000e-02
   9.5250000e+01   4.2900000e+01   2.5630000e+01   7.8000000e+00   1.6400000e+00   4.3000000e-01   1.6000000e-01   4.0000000e-02   9.0000000e-02   4.0000000e-02
   6.1080000e+01   2.7540000e+01   1.7680000e+01   3.8800000e+00   3.4000000e+00   1.0700000e+00   4.7000000e-01   7.0000000e-02   8.0000000e-02   7.0000000e-02
   1.3877000e+02   5.7020000e+01   1.8490000e+01   2.6780000e+01   4.6400000e+00   2.2000000e-01   3.9000000e-01   2.6000000e-01   1.1000000e-01   2.3000000e-01
   4.3320000e+01   1.5210000e+01   1.0260000e+01   3.4400000e+00   1.6000000e-01   0.0000000e+00   2.0000000e-02   2.0000000e-02   0.0000000e+00   3.0000000e-02
   2.7900000e+01   1.6950000e+01   8.8100000e+00   6.2800000e+00   2.2000000e-01   3.0000000e-01   3.1000000e-01   1.1000000e-01   4.0000000e-02   5.0000000e-02
   1.9530000e+01   1.1810000e+01   1.2990000e+01   1.1900000e+00   1.1200000e+00   0.0000000e+00   0.0000000e+00   0.0000000e+00   3.0000000e-02   0.0000000e+00
   3.0550000e+01   1.1420000e+01   1.3000000e+01   3.6700000e+00   2.8300000e+00   1.2200000e+00   1.0000000e-02   5.0000000e-02   4.0000000e-02   0.0000000e+00
   4.0664000e+02   1.6624000e+02   1.1446000e+02   5.1950000e+01   1.2900000e+00   3.2000000e-01   0.0000000e+00   1.0000000e-02   3.0000000e-02   6.0000000e-02
   1.9580000e+01   1.0810000e+01   8.8600000e+00   3.0800000e+00   1.9200000e+00   0.0000000e+00   1.0000000e-01   6.0000000e-02   1.0000000e-02   3.0000000e-02
   5.9174000e+02   2.9899000e+02   2.4000000e+02   8.6110000e+01   5.4890000e+01   1.3930000e+01   1.3000000e+00   3.0000000e-02   1.0000000e-01   3.0000000e-02
   1.9760000e+01   8.2100000e+00   7.1700000e+00   2.3900000e+00   4.9000000e-01   9.9000000e-01   2.9000000e-01   1.0000000e-02   0.0000000e+00   1.0000000e-02
   1.3490000e+01   1.1530000e+01   2.2700000e+00   2.2900000e+00   7.0000000e-02   0.0000000e+00   8.0000000e-02   8.0000000e-02   4.0000000e-02   1.2000000e-01
   1.6972000e+02   8.2450000e+01   3.6200000e+01   1.8490000e+01   5.1500000e+00   1.4900000e+00   5.0000000e-02   2.0000000e-02   3.0000000e-02   6.0000000e-02
   2.5510000e+01   1.1090000e+01   8.2600000e+00   4.4900000e+00   1.0000000e-01   6.0000000e-02   0.0000000e+00   4.0000000e-02   0.0000000e+00   2.0000000e-02
   1.7687000e+02   1.3773000e+02   5.7230000e+01   4.6980000e+01   2.4790000e+01   2.0960000e+01   9.9000000e-01   1.0000000e-01   4.0000000e-02   1.2000000e-01
   9.1800000e+00   3.7700000e+00   5.5000000e+00   5.7000000e-01   7.2000000e-01   7.2000000e-01   1.7000000e-01   6.0000000e-02   1.1000000e-01   7.0000000e-02
   1.3460000e+01   8.9000000e+00   5.4700000e+00   6.1000000e-01   9.3000000e-01   2.5000000e-01   1.2000000e-01   3.0000000e-02   8.0000000e-02   4.0000000e-02
   6.3640000e+01   3.4000000e+01   4.1290000e+01   2.2100000e+01   1.3300000e+01   3.3200000e+00   3.2000000e-01   1.3000000e-01   6.0000000e-02   1.1000000e-01
   7.8430000e+01   3.9170000e+01   4.5800000e+00   1.5600000e+01   1.4000000e-01   5.1000000e-01   2.6000000e-01   1.0000000e-02   1.0000000e-02   5.0000000e-02
   2.9480000e+01   1.3510000e+01   1.1090000e+01   8.6300000e+00   2.2000000e-01   1.2000000e-01   3.0000000e-02   5.0000000e-02   3.0000000e-02   1.0000000e-02
   4.3910000e+01   2.1990000e+01   2.6690000e+01   1.0990000e+01   8.5000000e-01   1.1600000e+00   1.8000000e-01   1.8000000e-01   7.0000000e-02   1.3000000e-01
   2.8462000e+02   1.7815000e+02   2.1417000e+02   1.0088000e+02   1.6381000e+02   3.6890000e+01   4.0900000e+00   6.0000000e-02   1.9000000e-01   3.0000000e-02
   1.3250000e+02   4.9540000e+01   5.4380000e+01   5.8600000e+00   1.2880000e+01   1.7900000e+00   4.6000000e-01   7.0000000e-02   1.2000000e-01   1.7000000e-01
   5.6770000e+01   3.0200000e+01   3.7030000e+01   4.6900000e+00   5.9300000e+00   4.0300000e+00   1.7000000e-01   4.0000000e-02   2.0000000e-02   7.0000000e-02
   1.6760000e+01   7.0300000e+00   1.0400000e+01   2.7000000e+00   9.9000000e-01   8.2000000e-01   2.4000000e-01   4.0000000e-02   1.4000000e-01   5.0000000e-02
   1.2333000e+02   8.5550000e+01   1.7960000e+01   1.7810000e+01   4.5900000e+00   1.5000000e-01   8.0000000e-02   5.0000000e-02   0.0000000e+00   9.0000000e-02
   1.6040000e+01   1.4230000e+01   5.6100000e+00   3.2200000e+00   3.5000000e-01   9.0000000e-02   2.0000000e-01   5.0000000e-02   6.0000000e-02   5.0000000e-02
   1.8020000e+01   7.6000000e+00   3.5100000e+00   2.2000000e+00   1.0200000e+00   2.0000000e-02   1.1000000e-01   5.0000000e-02   4.0000000e-02   1.8000000e-01
   4.4080000e+01   7.2900000e+00   3.0200000e+00   2.4800000e+00   1.1600000e+00   5.4000000e-01   1.9000000e-01   1.3000000e-01   5.0000000e-02   4.0000000e-02
   5.5300000e+00   5.7000000e-01   3.5000000e-01   3.8000000e-01   4.0000000e-01   4.1000000e-01   2.0000000e-01   6.0000000e-02   0.0000000e+00   2.0000000e-02
   1.2280000e+01   7.1300000e+00   3.4400000e+00   3.6400000e+00   7.8000000e-01   0.0000000e+00   8.0000000e-02   2.1000000e-01   3.0000000e-02   4.0000000e-02
   1.2956000e+02   6.9120000e+01   1.0220000e+01   3.8480000e+01   3.7000000e-01   7.1200000e+00   3.7500000e+00   8.0000000e-02   1.0000000e-02   4.0000000e-02
   1.1140000e+01   1.1700000e+01   2.1250000e+01   1.3500000e+00   4.0000000e-01   1.2000000e-01   4.0000000e-02   8.0000000e-02   7.0000000e-02   6.0000000e-02
   1.1622000e+02   4.7700000e+01   4.2470000e+01   3.6060000e+01   2.9700000e+00   4.6000000e-01   9.0000000e-01   4.0000000e-02   1.0000000e-02   2.0000000e-02
   5.2830000e+01   3.6370000e+01   1.7610000e+01   2.5800000e+00   1.2000000e+00   9.0000000e-02   2.2000000e-01   6.0000000e-02   9.0000000e-02   4.0000000e-02
   3.5200000e+01   1.2460000e+01   1.8000000e-01   1.5700000e+00   2.0000000e-01   0.0000000e+00   0.0000000e+00   3.0000000e-02   0.0000000e+00   0.0000000e+00
   4.1320000e+01   8.3070000e+01   6.4230000e+01   2.7300000e+01   9.4700000e+00   7.0000000e-01   2.3000000e-01   3.9000000e-01   6.0000000e-02   6.0000000e-02
   1.1390000e+01   5.9900000e+00   5.2300000e+00   5.9700000e+00   4.9000000e-01   3.0000000e-02   8.0000000e-02   4.0000000e-02   0.0000000e+00   3.0000000e-02
   1.6330000e+01   7.8300000e+00   3.0000000e+00   2.2000000e-01   1.7300000e+00   9.3000000e-01   1.8000000e-01   5.0000000e-02   9.0000000e-02   2.0000000e-02
   1.7970000e+01   4.7300000e+00   2.4000000e+00   1.0140000e+01   3.9100000e+00   1.6200000e+00   4.3000000e-01   1.4000000e-01   7.0000000e-02   1.1000000e-01
   3.0550000e+01   2.0480000e+01   4.2600000e+00   5.2000000e+00   1.4100000e+00   1.8000000e-01   2.1000000e-01   7.0000000e-02   1.0000000e-02   3.0000000e-02
   2.3060000e+01   2.1680000e+01   1.7780000e+01   7.9100000e+00   1.2800000e+00   3.5000000e-01   0.0000000e+00   0.0000000e+00   8.0000000e-02   3.0000000e-02
   1.2330000e+01   6.1300000e+00   3.1800000e+00   2.6200000e+00   1.4000000e+00   2.1000000e-01   3.1000000e-01   1.0000000e-01   3.0000000e-02   1.3000000e-01
   4.9100000e+00   2.6400000e+00   1.4400000e+00   8.6000000e-01   1.0400000e+00   3.6000000e-01   2.0000000e-02   1.5000000e-01   5.0000000e-02   1.0000000e-01
   2.9904000e+02   2.0525000e+02   2.5957000e+02   1.1138000e+02   6.4820000e+01   1.8650000e+01   2.2530000e+01   8.5000000e-01   7.0000000e-02   6.0000000e-02
   1.5020000e+02   1.3379000e+02   5.5990000e+01   3.2740000e+01   6.0500000e+00   1.1800000e+00   4.2000000e-01   4.0000000e-02   0.0000000e+00   4.0000000e-02
   3.1000000e+00   1.7200000e+00   2.1300000e+00   6.4000000e-01   6.0000000e-01   0.0000000e+00   1.1000000e-01   1.0000000e-02   1.0000000e-02   5.0000000e-02
   1.4206000e+02   5.9100000e+01   2.0530000e+01   8.9200000e+00   1.5300000e+00   1.9800000e+00   6.6000000e-01   1.1000000e-01   4.0000000e-02   9.0000000e-02
   1.3470000e+01   1.0710000e+01   7.2800000e+00   5.4800000e+00   6.4000000e-01   4.3000000e-01   2.4000000e-01   8.0000000e-02   1.8000000e-01   7.0000000e-02
   6.1390000e+01   4.3920000e+01   2.2070000e+01   4.6600000e+00   2.8600000e+00   6.0000000e-01   4.1000000e-01   1.3000000e-01   3.9000000e-01   1.8000000e-01
   1.8880000e+01   1.7120000e+01   6.7900000e+00   3.3700000e+00   2.4300000e+00   1.4000000e-01   0.0000000e+00   2.0000000e-02   2.0000000e-02   2.0000000e-02
   9.3900000e+00   8.2200000e+00   2.8500000e+00   3.2200000e+00   1.6900000e+00   5.4000000e-01   2.0000000e-02   1.0000000e-02   2.0000000e-02   2.0000000e-02
   9.8900000e+00   8.0100000e+00   8.9700000e+00   1.0900000e+00   2.5000000e-01   1.1000000e-01   5.0000000e-02   9.0000000e-02   3.0000000e-02   3.0000000e-02
   1.0390000e+01   1.4640000e+01   9.9500000e+00   8.5200000e+00   4.6000000e+00   8.6000000e-01   1.7000000e-01   2.0000000e-02   0.0000000e+00   1.0000000e-02
   1.2280000e+01   8.0000000e+00   3.7800000e+00   9.6000000e-01   1.0200000e+00   1.0000000e-01   2.0000000e-02   4.0000000e-02   2.0000000e-02   5.0000000e-02
   1.4900000e+00   1.4800000e+00   7.3000000e-01   4.3000000e-01   2.9000000e-01   9.0000000e-02   0.0000000e+00   0.0000000e+00   0.0000000e+00   2.0000000e-02
   8.5400000e+00   8.0000000e-01   1.8300000e+00   8.3000000e-01   8.7000000e-01   3.8000000e-01   5.0000000e-02   0.0000000e+00   2.0000000e-02   0.0000000e+00
   7.6588000e+02   5.0289000e+02   1.1799000e+02   5.2080000e+01   1.1480000e+01   4.4000000e-01   4.0000000e-02   1.0000000e-02   4.0000000e-02   0.0000000e+00
   2.4100000e+01   9.4000000e+00   2.5800000e+00   1.2600000e+00   1.5000000e-01   1.5000000e-01   1.0000000e-02   1.3000000e-01   1.0000000e-02   1.0000000e-02
   9.4900000e+00   9.2100000e+00   7.1900000e+00   2.6700000e+00   4.3000000e-01   1.9000000e-01   2.0000000e-02   4.0000000e-02   1.0000000e-02   9.0000000e-02
   1.4470000e+01   1.3900000e+01   9.6700000e+00   2.7700000e+00   1.4800000e+00   3.5300000e+00   6.7000000e-01   1.5000000e-01   1.3000000e-01   7.0000000e-02
   6.3000000e-01   5.7000000e-01   3.7000000e-01   6.1000000e-01   2.0000000e-02   8.0000000e-02   1.1000000e-01   0.0000000e+00   3.0000000e-02   3.0000000e-02
   4.4700000e+00   3.0500000e+00   1.6900000e+00   9.7000000e-01   2.8000000e-01   3.8000000e-01   3.0000000e-02   0.0000000e+00   2.0000000e-02   0.0000000e+00
   1.9310000e+01   1.1630000e+01   4.2000000e+00   3.3600000e+00   3.9400000e+00   2.7900000e+00   4.1000000e-01   1.2000000e-01   1.3000000e-01   9.0000000e-02
   4.1800000e+00   2.6300000e+00   1.5300000e+00   3.9000000e-01   5.8000000e-01   7.0000000e-02   1.0000000e-02   2.0000000e-02   1.0000000e-02   6.0000000e-02
   2.4790000e+01   4.2460000e+01   2.2610000e+01   9.4600000e+00   4.1300000e+00   1.1400000e+00   2.0000000e-01   1.1000000e-01   4.0000000e-02   3.0000000e-02
   1.1884000e+02   8.9240000e+01   2.4210000e+01   6.7200000e+00   1.3300000e+00   3.4000000e-01   5.7000000e-01   2.2000000e-01   1.6000000e-01   1.1000000e-01
   8.3000000e-01   3.7000000e-01   3.7000000e-01   4.0000000e-02   8.0000000e-02   6.0000000e-02   9.0000000e-02   0.0000000e+00   1.1000000e-01   0.0000000e+00
   8.4590000e+01   5.7730000e+01   2.8680000e+01   2.5710000e+01   3.5700000e+00   1.8600000e+00   1.8000000e-01   5.0000000e-02   2.0000000e-02   0.0000000e+00
   3.5380000e+01   2.0670000e+01   1.6720000e+01   1.0740000e+01   2.7800000e+00   7.4000000e-01   1.0000000e-02   3.0000000e-02   3.0000000e-02   2.0000000e-02
   4.8690000e+01   4.4130000e+01   2.4220000e+01   9.5400000e+00   1.6000000e+00   3.9000000e-01   2.0000000e-01   1.4000000e-01   1.3000000e-01   1.3000000e-01
   2.9200000e+00   1.8400000e+00   5.8000000e-01   1.1800000e+00   4.1000000e-01   1.0000000e-01   2.0000000e-02   0.0000000e+00   2.0000000e-02   2.0000000e-02
   1.3300000e+00   2.0200000e+00   3.7000000e-01   1.0000000e-02   3.8000000e-01   0.0000000e+00   0.0000000e+00   1.0000000e-02   2.0000000e-02   6.0000000e-02
   3.9000000e+00   3.8200000e+00   1.6100000e+00   1.0900000e+00   5.5000000e-01   1.3000000e-01   9.0000000e-02   7.0000000e-02   8.0000000e-02   5.0000000e-02
   3.4610000e+01   2.5130000e+01   8.3200000e+00   3.7400000e+00   3.7000000e+00   1.1900000e+00   6.7000000e-01   2.0000000e-02   9.0000000e-02   0.0000000e+00
   1.0687000e+02   8.6570000e+01   4.0620000e+01   1.8460000e+01   4.3600000e+00   7.9000000e-01   1.0000000e-01   1.0000000e-01   8.0000000e-02   2.0000000e-02
   9.6000000e+00   6.5000000e+00   2.5200000e+00   4.4000000e-01   6.0000000e-02   0.0000000e+00   2.0000000e-02   0.0000000e+00   2.0000000e-02   3.0000000e-02
   1.1910000e+01   1.1470000e+01   6.7300000e+00   1.8400000e+00   1.5000000e+00   6.5000000e-01   9.0000000e-02   2.0000000e-02   5.0000000e-02   1.0000000e-02
   7.9500000e+00   8.9100000e+00   4.3500000e+00   2.0000000e+00   1.5500000e+00   2.6000000e-01   2.2000000e-01   7.0000000e-02   0.0000000e+00   5.0000000e-02
   2.8940000e+01   1.9140000e+01   1.7140000e+01   1.0690000e+01   5.8000000e-01   3.7800000e+00   1.9000000e-01   5.0000000e-02   4.0000000e-02   6.0000000e-02
   3.0360000e+01   2.2370000e+01   1.0560000e+01   1.2500000e+01   1.3800000e+00   1.7200000e+00   0.0000000e+00   1.0000000e-01   7.0000000e-02   6.0000000e-02
   8.5800000e+00   1.2800000e+01   4.9300000e+00   3.2900000e+00   1.4400000e+00   1.2000000e-01   6.0000000e-02   7.0000000e-02   8.0000000e-02   6.0000000e-02
   5.0970000e+01   3.9030000e+01   1.5770000e+01   7.7100000e+00   3.2600000e+00   8.4000000e-01   1.5000000e-01   3.0000000e-02   1.8000000e-01   1.0000000e-02
   5.3770000e+01   2.9380000e+01   2.1070000e+01   8.7000000e+00   3.8800000e+00   6.9000000e-01   4.6000000e-01   4.0000000e-02   5.0000000e-02   3.0000000e-02
   2.2270000e+01   1.4450000e+01   4.6800000e+00   1.7500000e+00   2.1700000e+00   2.3000000e-01   0.0000000e+00   6.0000000e-02   4.0000000e-02   1.2000000e-01
   2.0200000e+01   9.2100000e+00   3.7700000e+00   1.1200000e+00   1.0000000e-01   2.0000000e-02   2.0000000e-02   6.0000000e-02   4.0000000e-02   6.0000000e-02
   6.9110000e+01   8.0120000e+01   3.7580000e+01   2.3170000e+01   2.0780000e+01   2.9200000e+00   2.4000000e+00   3.7000000e-01   2.5000000e-01   3.7000000e-01
   1.3500000e+00   3.7000000e-01   3.6000000e-01   5.6000000e-01   2.0000000e-01   1.6000000e-01   1.3000000e-01   6.0000000e-02   5.0000000e-02   0.0000000e+00
   3.5520000e+01   2.0550000e+01   1.1460000e+01   3.6300000e+00   6.1000000e-01   2.7000000e-01   2.5000000e-01   3.0000000e-02   9.0000000e-02   1.3000000e-01
   7.9830000e+01   3.1130000e+01   3.7940000e+01   1.6960000e+01   9.1800000e+00   4.1100000e+00   2.2000000e-01   2.2000000e-01   2.6000000e-01   3.2000000e-01
   1.4220000e+01   6.4500000e+00   7.8600000e+00   2.5400000e+00   6.1000000e-01   5.5000000e-01   3.5000000e-01   1.0000000e-02   0.0000000e+00   0.0000000e+00
   1.3870000e+01   1.3070000e+01   7.8600000e+00   3.6500000e+00   1.1900000e+00   4.4000000e-01   1.2000000e-01   2.0000000e-02   4.0000000e-02   3.0000000e-02
   3.8500000e+00   5.7700000e+00   1.1000000e+00   3.0100000e+00   5.0000000e-02   1.0000000e-02   2.5000000e-01   9.0000000e-02   3.0000000e-02   1.0000000e-02
   7.0800000e+00   1.3100000e+00   0.0000000e+00   1.3700000e+00   5.8000000e-01   0.0000000e+00   5.4000000e-01   4.0000000e-02   1.1000000e-01   3.0000000e-02
   8.3600000e+00   5.2300000e+00   3.0000000e-01   9.6000000e-01   7.1000000e-01   2.5000000e-01   3.0000000e-02   2.0000000e-02   7.0000000e-02   0.0000000e+00
   1.0900000e+00   7.8000000e-01   1.3000000e-01   3.3000000e-01   2.0000000e-02   1.5000000e-01   1.1000000e-01   3.0000000e-02   2.0000000e-02   1.0000000e-02
   2.3200000e+00   1.2100000e+00   1.2300000e+00   7.0000000e-01   2.1000000e-01   0.0000000e+00   7.0000000e-02   2.0000000e-02   6.0000000e-02   8.0000000e-02
   5.8438000e+02   3.7122000e+02   3.6531000e+02   8.3880000e+01   5.0410000e+01   6.4900000e+00   6.1000000e-01   1.0000000e-02   9.0000000e-02   9.0000000e-02
   7.7800000e+00   5.3800000e+00   3.0000000e+00   3.7600000e+00   1.1100000e+00   9.0000000e-02   2.0000000e-02   1.0000000e-02   8.0000000e-02   0.0000000e+00
   9.2400000e+00   5.0900000e+00   7.2200000e+00   1.3100000e+00   9.9000000e-01   1.9000000e-01   1.9000000e-01   1.7000000e-01   1.2000000e-01   2.8000000e-01
   2.8857000e+02   1.6131000e+02   6.0030000e+01   1.4610000e+01   1.2900000e+00   6.0000000e-02   2.0000000e-02   0.0000000e+00   1.0000000e-02   3.0000000e-02
   5.4400000e+00   5.0200000e+00   1.4300000e+00   1.1000000e+00   1.0700000e+00   1.0700000e+00   0.0000000e+00   7.0000000e-02   2.0000000e-02   4.0000000e-02
   1.8000000e-01   0.0000000e+00   0.0000000e+00   1.0000000e-01   0.0000000e+00   1.7000000e-01   1.8000000e-01   4.0000000e-02   2.0000000e-02   2.0000000e-02
   4.9710000e+01   4.3150000e+01   3.9190000e+01   2.1500000e+00   2.6700000e+00   4.1000000e-01   4.1000000e-01   1.3000000e-01   1.6000000e-01   1.4000000e-01
   4.2200000e+00   1.9200000e+00   1.9200000e+00   4.2000000e-01   4.0000000e-01   1.3000000e-01   4.0000000e-02   4.0000000e-02   1.7000000e-01   1.0000000e-01
   3.9610000e+01   6.1850000e+01   1.9690000e+01   4.0250000e+01   4.5000000e-01   3.1000000e-01   1.8000000e-01   7.0000000e-02   1.2000000e-01   1.0000000e-01
   2.1000000e-01   2.2000000e-01   7.9000000e-01   9.3000000e-01   2.6000000e-01   1.0000000e-02   4.0000000e-02   4.0000000e-02   1.0000000e-01   3.0000000e-02
   7.9000000e-01   9.7000000e-01   1.7000000e-01   7.0000000e-02   9.0000000e-02   5.0000000e-02   7.0000000e-02   2.0000000e-02   6.0000000e-02   4.0000000e-02
   4.7560000e+01   3.5500000e+01   4.0740000e+01   7.4900000e+00   2.2400000e+00   3.8000000e-01   2.2000000e-01   4.0000000e-02   7.0000000e-02   2.0000000e-02
   1.2390000e+01   6.0700000e+00   6.5600000e+00   3.5700000e+00   2.5900000e+00   6.4000000e-01   6.0000000e-02   7.0000000e-02   6.0000000e-02   8.0000000e-02
   3.6440000e+01   3.1100000e+01   1.2180000e+01   4.0800000e+00   1.4200000e+00   3.2000000e-01   3.0000000e-02   1.0000000e-01   4.0000000e-02   2.0000000e-02
   3.2900000e+00   2.9700000e+00   2.7800000e+00   1.9300000e+00   1.2000000e-01   8.0000000e-02   2.0000000e-02   6.0000000e-02   5.0000000e-02   0.0000000e+00
   1.3030000e+01   7.2000000e+00   7.3200000e+00   4.1200000e+00   5.3700000e+00   1.3100000e+00   1.0200000e+00   1.2000000e-01   0.0000000e+00   0.0000000e+00
   3.0900000e+00   1.6000000e+00   1.0100000e+00   1.4700000e+00   5.6000000e-01   2.3000000e-01   1.0000000e-01   2.0000000e-02   8.0000000e-02   4.0000000e-02
   1.6968000e+02   1.0554000e+02   5.4520000e+01   2.3630000e+01   6.6100000e+00   1.9900000e+00   1.0200000e+00   7.0000000e-02   1.0000000e-02   1.0000000e-02
   5.7800000e+00   2.8300000e+00   2.6200000e+00   1.6500000e+00   8.5000000e-01   0.0000000e+00   9.7000000e-01   1.9000000e-01   1.0000000e-01   2.0000000e-02
   1.4800000e+00   8.1000000e-01   1.2600000e+00   9.7000000e-01   5.0000000e-01   1.1000000e-01   1.2000000e-01   4.0000000e-02   8.0000000e-02   1.0000000e-02
   7.4400000e+00   4.7800000e+00   3.9600000e+00   1.9300000e+00   8.5000000e-01   8.3000000e-01   2.0000000e-01   1.1000000e-01   3.0000000e-02   1.0000000e-01
   2.1900000e+00   3.1000000e+00   3.8300000e+00   1.0700000e+00   1.0500000e+00   8.0000000e-02   2.0000000e-02   6.0000000e-02   7.0000000e-02   7.0000000e-02
   1.2020000e+01   9.8600000e+00   1.0060000e+01   3.0400000e+00   2.7400000e+00   2.4000000e-01   1.4000000e-01   7.0000000e-02   1.0000000e-02   6.0000000e-02
   1.2800000e+00   6.2000000e-01   4.6000000e-01   1.2000000e-01   2.3000000e-01   1.0000000e-02   0.0000000e+00   2.0000000e-02   1.0000000e-02   3.0000000e-02
   1.0190000e+01   4.9100000e+00   1.9800000e+00   4.1500000e+00   3.6000000e-01   8.0000000e-02   2.0000000e-02   2.0000000e-02   5.0000000e-02   3.0000000e-02
   1.0000000e-01   1.4100000e+00   1.6200000e+00   7.8000000e-01   5.8000000e-01   2.3000000e-01   2.8000000e-01   1.1000000e-01   2.0000000e-02   7.0000000e-02
   2.3700000e+00   1.1400000e+00   2.8400000e+00   9.4000000e-01   7.0000000e-02   2.5000000e-01   5.0000000e-02   4.0000000e-02   1.0000000e-02   2.0000000e-02
   1.8100000e+00   2.0600000e+00   1.9200000e+00   4.0000000e-01   1.4000000e-01   2.0000000e-02   1.3000000e-01   0.0000000e+00   2.0000000e-02   4.0000000e-02
   4.1120000e+02   1.9426000e+02   3.3221000e+02   2.4443000e+02   4.2930000e+01   2.6800000e+00   0.0000000e+00   0.0000000e+00   3.0000000e-02   0.0000000e+00
   1.0500000e+01   4.6600000e+00   5.3900000e+00   6.1000000e-01   6.3000000e-01   0.0000000e+00   1.5000000e-01   7.0000000e-02   1.5000000e-01   1.4000000e-01
   8.1100000e+00   2.3800000e+00   4.6600000e+00   3.8100000e+00   5.5000000e-01   7.0000000e-02   0.0000000e+00   8.0000000e-02   9.0000000e-02   1.0000000e-01
   2.7300000e+01   1.3160000e+01   2.4940000e+01   7.5700000e+00   1.9400000e+00   1.0300000e+00   2.6000000e-01   8.0000000e-02   7.0000000e-02   3.0000000e-02
   5.9800000e+00   3.5700000e+00   1.9500000e+00   1.8500000e+00   9.8000000e-01   3.8000000e-01   6.0000000e-02   8.0000000e-02   1.0000000e-02   4.0000000e-02
   4.2230000e+01   2.5610000e+01   3.2190000e+01   1.5710000e+01   1.7800000e+00   8.6000000e-01   7.0000000e-01   5.0000000e-02   2.0000000e-02   1.0000000e-02
   1.8570000e+01   2.0590000e+01   8.3600000e+00   1.2200000e+00   1.1800000e+00   3.7000000e-01   4.0000000e-01   8.0000000e-02   2.0000000e-02   7.0000000e-02
   1.0700000e+01   3.2900000e+00   8.0200000e+00   7.4700000e+00   1.2200000e+00   2.8000000e-01   1.0000000e-02   4.0000000e-02   2.0000000e-02   5.0000000e-02
   7.3000000e-01   3.3000000e-01   1.0300000e+00   3.2000000e-01   4.4000000e-01   0.0000000e+00   5.0000000e-02   5.0000000e-02   0.0000000e+00   1.0000000e-02
   1.5700000e+00   3.8000000e+00   1.6100000e+00   1.0900000e+00   4.4000000e-01   2.5000000e-01   1.0000000e-01   1.2000000e-01   7.0000000e-02   0.0000000e+00
   1.2490000e+01   5.8700000e+00   3.2600000e+00   5.2000000e+00   2.4900000e+00   7.9000000e-01   9.0000000e-02   4.0000000e-02   7.0000000e-02   4.0000000e-02
   4.4200000e+00   1.0350000e+01   4.7400000e+00   1.1130000e+01   3.5900000e+00   4.0200000e+00   2.8000000e-01   7.0000000e-02   4.0000000e-02   5.0000000e-02
   1.3000000e-01   0.0000000e+00   3.0000000e-02   1.0000000e-02   0.0000000e+00   2.0000000e-02   0.0000000e+00   0.0000000e+00   4.0000000e-02   0.0000000e+00
   1.2800000e+00   7.0000000e-01   9.0000000e-01   3.3000000e-01   1.0100000e+00   1.1000000e-01   2.0000000e-02   1.0000000e-02   3.0000000e-02   4.0000000e-02
   6.5100000e+00   5.9500000e+00   4.4500000e+00   3.3000000e+00   1.7700000e+00   1.3400000e+00   5.0000000e-01   3.0000000e-02   0.0000000e+00   3.0000000e-02
   7.0000000e-02   5.1000000e-01   1.5100000e+00   6.2000000e-01   5.7000000e-01   2.4000000e-01   1.6000000e-01   6.0000000e-02   0.0000000e+00   2.0000000e-02
   4.0000000e-02   0.0000000e+00   9.0000000e-02   1.0000000e-02   4.0000000e-02   0.0000000e+00   6.0000000e-02   2.0000000e-02   6.0000000e-02   2.0000000e-02
   1.4000000e-01   1.5000000e-01   6.0000000e-02   9.0000000e-02   1.5000000e-01   2.0000000e-02   0.0000000e+00   2.0000000e-02   3.0000000e-02   2.0000000e-02
   0.0000000e+00   0.0000000e+00   0.0000000e+00   0.0000000e+00   0.0000000e+00   0.0000000e+00   3.0000000e-02   1.0000000e-01   0.0000000e+00   4.0000000e-02
   1.0000000e-02   0.0000000e+00   0.0000000e+00   0.0000000e+00   0.0000000e+00   1.0000000e-02   0.0000000e+00   1.0000000e-02   0.0000000e+00   0.0000000e+00
   6.0000000e-02   5.0000000e-02   5.0000000e-02   4.0000000e-02   8.0000000e-02   1.0000000e-01   4.0000000e-02   2.0000000e-02   4.0000000e-02   4.0000000e-02
