   1.7756749e+01   5.7255761e+00   9.6532770e+00   3.4472065e+00   1.1135075e+00   1.7424875e+00   9.3608901e-01   1.4070529e-01   3.1204765e-01   3.5887028e-01
   2.9071523e+01   3.5721836e+01   1.4455071e+01   9.4991972e+00   2.4015778e+00   5.7735027e-01   1.0000000e-01   3.4289322e-01   2.9729420e-01   4.0439505e-01
   2.6942513e+01   1.4795478e+01   5.6322574e+00   1.3642843e+01   2.4953290e+00   0.0000000e+00   2.0303505e+00   3.1526804e-01   1.7144661e-01   1.0000000e-01
   1.8849280e+01   6.6769920e+00   8.8074578e+00   2.4736796e+00   3.5288708e+00   1.1345804e+00   1.0000000e-01   2.0000000e-01   1.4070529e-01   1.4070529e-01
   3.6686915e+02   1.8542266e+02   5.4283278e+01   3.6096497e+01   8.7055176e+01   1.3600000e+01   9.2135166e-01   2.2270150e-01   3.0000000e-01   2.0000000e-01
   2.9237628e+02   3.7520288e+02   5.9448315e+01   1.0623388e+02   2.1002414e+01   2.9004354e+00   8.5729195e-01   5.4457842e-01   3.5547663e-01   3.5547663e-01
   1.3464048e+02   6.8638773e+01   4.7550262e+01   2.5924325e+01   8.7864450e+00   3.9022915e+00   4.0000000e-01   3.8283894e-01   0.0000000e+00   1.4070529e-01
   7.0331460e+01   4.2511407e+01   2.6460329e+01   1.5852999e+01   1.2175070e+00   2.2270150e-01   3.5887028e-01   4.2864598e-01   1.0000000e-01   2.0000000e-01
   1.1144104e+02   7.3360504e+01   3.0901817e+01   1.8708230e+01   8.1752212e+00   2.5021001e+00   5.0891050e-01   2.2270150e-01   1.9694639e-01   2.2270150e-01
   2.9888006e+00   4.9023907e+00   5.5771087e+00   2.7957218e+00   0.0000000e+00   3.7763084e+00   1.1485168e+00   1.4070529e-01   0.0000000e+00   3.1204765e-01
   4.5000431e+01   5.6406865e+01   4.1668556e+01   2.4952917e+01   7.4172812e+00   2.1017309e+00   4.6449712e-01   2.8141059e-01   2.4287836e-01   2.6111648e-01
   2.7728874e+02   3.8329552e+02   1.7892429e+02   1.2398523e+02   4.1600771e+01   1.4120334e+01   7.8172045e+00   0.0000000e+00   5.2223297e-01   0.0000000e+00
   4.2569265e+02   2.3139071e+02   1.3691196e+02   3.2093305e+01   1.5993926e+01   4.3912217e+00   2.0004797e+00   1.0000000e-01   4.1132945e-01   5.0251891e-01
   1.1144174e+02   6.4012066e+01   4.6791927e+01   1.6980678e+01   4.9833967e+00   1.5896127e+00   7.1774056e-01   6.1134064e-01   7.0172947e-01   7.6613948e-01
   8.5871233e+01   6.6493992e+01   3.9082306e+01   4.0902262e+01   2.3766905e+01   3.6725022e+00   3.1526804e-01   3.4289322e-01   5.2522242e-01   4.0837198e-01
   2.4759063e+01   3.8023167e+01   2.9330267e+01   3.0029028e+01   1.0894146e+01   9.5533113e+00   3.8584029e+00   5.8766788e-01   1.4070529e-01   1.0000000e-01
   5.2727234e+01   4.1140178e+01   3.7655937e+01   1.3090497e+01   1.2258973e+01   3.6000000e+00   1.5835008e+00   3.1526804e-01   1.4070529e-01   1.0000000e-01
   1.6415612e+01   8.6915436e+00   6.2558579e+00   5.0237416e+00   1.9000000e+00   3.5193405e+00   1.9000000e+00   2.0000000e-01   2.8141059e-01   2.2270150e-01
   8.6153080e+01   4.6787993e+01   3.1282827e+01   1.9229018e+01   1.9765034e+00   8.9188259e-01   3.5547663e-01   3.5887028e-01   3.9389277e-01   3.4289322e-01
   1.1514173e+02   9.8221510e+01   4.4204222e+01   0.0000000e+00   1.3940262e+01   1.2742992e+00   1.0000000e-01   3.1526804e-01   2.0000000e-01   1.0000000e-01
   1.4383855e+02   6.2920809e+01   5.6640168e+01   1.0176225e+01   1.5003202e+01   0.0000000e+00   1.0000000e-01   2.2270150e-01   2.8141059e-01   1.0000000e-01
   1.0067159e+03   9.2004147e+02   8.1322294e+02   1.1391992e+02   1.7819320e+02   1.1619954e+01   8.9420130e-01   4.5159649e-01   2.0000000e-01   3.0000000e-01
   6.7658083e+00   2.3112374e+00   0.0000000e+00   0.0000000e+00   2.0000000e-01   0.0000000e+00   3.1526804e-01   2.2270150e-01   1.0000000e-01   1.0000000e-01
   1.2725843e+03   6.4521612e+02   4.4958433e+02   1.5085001e+02   4.7118997e+01   1.5598093e+01   2.8172628e+00   8.0050489e-01   7.2083005e-01   3.7118429e-01
   7.5631950e+00   5.5459422e+00   3.6707966e+00   1.4946369e+00   1.2978615e+00   1.0000000e-01   0.0000000e+00   0.0000000e+00   2.0000000e-01   2.0000000e-01
   3.2585257e+02   1.2775681e+02   7.1098648e+01   4.1615813e+01   1.7404284e+01   3.2979179e+00   5.3361735e-01   5.3710786e-01   3.5887028e-01   6.3077634e-01
   1.1187063e+02   6.6340858e+01   4.7569911e+01   1.9160671e+01   1.4473504e+01   2.5165914e+00   4.0000000e-01   0.0000000e+00   2.8141059e-01   1.0000000e-01
   1.3063679e+03   8.0454682e+02   6.2361150e+02   3.6600407e+02   9.3616559e+01   2.1249466e+01   2.8528030e+00   0.0000000e+00   3.1526804e-01   6.1389632e-01
   1.5255329e+02   8.2091105e+01   6.5847510e+01   5.3282835e+01   1.1605015e+01   7.4263794e+00   1.2421470e+00   5.1796026e-01   6.5133895e-01   4.0439505e-01
   2.2526711e+02   1.5512760e+02   6.5198081e+01   5.1372605e+01   9.4215474e+00   3.7932822e+00   1.9903555e+00   7.7921224e-01   5.4855181e-01   5.1433982e-01
   5.3415175e+01   3.7521248e+01   2.1041899e+01   1.3145168e+01   0.0000000e+00   9.1998024e-01   8.5611290e-01   2.2270150e-01   1.9694639e-01   2.0000000e-01
   2.9768542e+02   2.3088026e+02   1.2235610e+02   3.1982601e+01   1.0990588e+01   1.6021135e+00   9.0000000e-01   8.2112266e-01   3.7118429e-01   2.4287836e-01
   5.1689356e+01   2.4909247e+01   1.7064142e+01   1.0914151e+01   2.0830242e+00   2.5000000e+00   1.6434443e+00   3.5887028e-01   1.0000000e-01   4.1875236e-01
   3.0855109e+02   1.6866774e+02   1.3095487e+02   7.9340142e+01   2.8955450e+01   5.9510715e+00   2.2068763e+00   8.3333333e-01   2.4287836e-01   1.0000000e-01
   2.9606979e+02   1.2826425e+02   9.7134396e+01   3.3130429e+01   7.6706182e+00   3.0351476e+00   2.4911155e+00   6.4970856e-01   7.3470945e-01   6.8725776e-01
   2.7515379e+01   4.3983234e+01   1.8964177e+01   3.0000000e+00   7.6256081e+00   8.5155829e-01   2.0000000e-01   0.0000000e+00   2.0000000e-01   3.1526804e-01
   9.0104541e+00   8.7465953e+00   6.0375508e+00   3.2470033e+00   3.7396456e+00   9.3872899e-01   2.8141059e-01   2.8141059e-01   4.9020713e-01   3.2582452e-01
   1.2711506e+02   8.1461236e+01   6.4244994e+01   3.7127859e+01   1.3751367e+01   2.8351866e+00   0.0000000e+00   5.4122943e-01   1.7144661e-01   1.0000000e-01
   1.5245377e+02   1.0073789e+02   5.8808194e+01   4.4377093e+01   9.4335314e+00   2.0738633e+00   1.1135075e+00   2.9729420e-01   1.4070529e-01   1.9694639e-01
   5.2382058e+02   4.1913906e+02   4.7856163e+02   4.0579213e+02   6.9546803e+02   1.9137685e+02   1.6003787e+00   4.5516120e-01   3.5547663e-01   3.1204765e-01
   1.0919036e+02   2.8821770e+01   2.6488221e+01   7.0232033e+01   1.7808397e+01   2.0091065e+01   2.0415878e+00   4.7343576e-01   2.3868326e-01   1.9694639e-01
   8.3601750e+00   9.3538519e+00   6.2410421e+00   5.9316307e+00   5.7805316e+00   4.0000000e+00   9.9452237e+00   2.8141059e-01   2.8141059e-01   2.8141059e-01
   4.7956650e+01   3.0670703e+01   9.1915860e+00   5.8521428e+00   1.8291688e+00   2.4287836e-01   1.0944765e+00   4.0837198e-01   2.4287836e-01   3.3874397e-01
   5.5398224e+01   3.7465912e+01   3.5504552e+01   4.2511720e+01   9.4903673e+00   4.5204362e+00   1.7073519e+00   8.6893642e-01   3.1204765e-01   2.2270150e-01
   4.1879935e+02   3.3010406e+02   2.1342758e+02   1.9274477e+02   8.2862369e+01   2.5605074e+01   6.7999629e+00   9.9346349e-01   7.1201805e-01   8.8443328e-01
   1.1936467e+03   5.5538218e+02   3.5944201e+02   1.5799651e+02   4.7714212e+01   8.2395695e+00   2.0767836e+00   3.4289322e-01   2.0000000e-01   2.8141059e-01
   6.4240309e+01   4.9471841e+01   3.0041687e+01   6.9567495e+00   1.9586380e+00   8.2455988e-01   8.7293769e-01   2.9729420e-01   2.0000000e-01   3.4289322e-01
   1.2426377e+02   1.0501834e+02   1.0713074e+02   4.3579686e+01   2.3185408e+01   1.5000000e+00   8.4441122e-01   7.8598841e-01   6.5219133e-01   9.8159837e-01
   1.1494281e+02   1.0182745e+02   5.5036754e+01   0.0000000e+00   1.6407759e+01   1.1815462e+01   3.6293417e+00   2.8141059e-01   2.8141059e-01   2.0000000e-01
   5.2991042e+01   6.7895805e+01   4.5646480e+01   4.6241067e+01   1.8446458e+01   2.8851895e+01   1.6085629e+00   2.3290870e+00   3.3874397e-01   2.4287836e-01
   2.6350206e+00   3.5118846e+00   5.0000000e-01   1.4070529e-01   0.0000000e+00   0.0000000e+00   4.0000000e-01   1.0000000e-01   2.0000000e-01   1.4070529e-01
   6.7800819e+01   3.7120606e+01   2.3712001e+01   1.7560861e+01   2.1580013e+00   1.7232809e+00   1.0000000e-01   0.0000000e+00   1.4070529e-01   2.0000000e-01
   6.5931127e+01   4.8970256e+01   2.4004006e+01   1.6460163e+01   4.3485049e+00   9.3910553e-01   2.8141059e-01   0.0000000e+00   2.8141059e-01   2.0000000e-01
   4.6281528e+00   3.5774264e+00   5.0891050e-01   1.9126374e+00   2.6142384e+00   2.7424644e+00   3.1204765e-01   3.1526804e-01   3.6735473e-01   4.2390679e-01
   1.0640154e+02   8.3046036e+01   2.0590024e+01   6.6849446e+00   6.6307746e+00   2.0356420e+00   4.0000000e-01   3.5547663e-01   2.9729420e-01   4.5571567e-01
   4.9244698e+01   4.2128231e+01   2.0868429e+01   5.8704791e+00   1.4798307e+01   4.1085769e+00   0.0000000e+00   6.5164903e-01   2.0000000e-01   5.8049091e-01
   6.5105176e+01   2.7038116e+01   1.4211547e+01   7.8424576e+00   1.0000000e-01   2.4156686e+00   9.4687151e-01   4.8575673e-01   5.2981796e-01   3.5547663e-01
   1.1186021e+03   5.0043719e+02   2.9688905e+02   1.3864643e+02   1.6533685e+01   1.9529734e+01   1.1432278e+00   5.5559596e-01   3.4289322e-01   3.5547663e-01
   2.2395569e+01   1.2914400e+01   6.7093783e+00   1.9336468e+00   1.1035297e+00   0.0000000e+00   5.7735027e-01   4.2211588e-01   4.6449712e-01   5.1433982e-01
   1.1798288e+01   9.7803348e+00   7.7967294e+00   1.2599503e+00   6.4957717e+00   2.2043117e+00   2.0000000e-01   7.6567789e-01   5.6237232e-01   5.3219576e-01
   1.8193658e+02   9.9429839e+01   8.5852687e+01   2.0428876e+01   2.8082668e+01   2.7928299e+00   6.3053609e-01   5.7022058e-01   4.7736651e-01   2.0000000e-01
   9.3232718e+01   7.7637861e+01   5.8147679e+01   3.1353153e+01   9.3145862e+00   0.0000000e+00   3.4000000e+00   9.0000000e-01   2.8141059e-01   2.0000000e-01
   2.8066241e+02   1.6875223e+02   7.9433435e+01   3.8543697e+01   7.9466402e+00   5.4123969e+00   5.7735027e-01   4.7736651e-01   1.0000000e-01   2.8141059e-01
   1.5922561e+02   9.4934631e+01   9.7094549e+01   3.7174004e+01   3.0242622e+01   1.1756795e+01   6.7651812e-01   3.0000000e-01   2.0000000e-01   7.6929720e-01
   4.8763021e+01   3.7607403e+01   1.2088641e+01   1.7531441e+01   1.7165563e+00   5.1541883e+00   1.0000000e-01   2.8141059e-01   0.0000000e+00   3.7118429e-01
   9.0695461e+01   7.8025157e+01   3.6752598e+01   2.3154769e+01   9.6402775e+00   7.0184749e+00   3.7118429e-01   3.1204765e-01   4.0439505e-01   4.0439505e-01
   1.0136523e+01   1.0967832e+01   8.2845542e+00   4.0553120e+00   4.1669576e+00   2.2270150e-01   4.9020713e-01   2.0000000e-01   2.8141059e-01   3.9389277e-01
   5.7553050e+01   7.0008094e+01   2.0953867e+01   2.1456049e+01   7.1890489e+00   8.6590351e+00   1.0952607e+00   7.8231720e-01   6.0335761e-01   8.6596708e-01
   1.2421220e+02   5.0204852e+01   3.8583327e+01   2.0763923e+01   7.5701701e+00   7.9413189e+00   2.2824761e+00   2.8141059e-01   3.1204765e-01   5.2223297e-01
   2.6408713e+02   1.4760695e+02   7.8385870e+01   6.7494964e+01   1.3013043e+01   1.0000000e-01   7.2606592e-01   1.0000000e-01   4.6449712e-01   3.4289322e-01
   1.5201395e+02   1.1361245e+02   6.7488896e+01   5.4692414e+01   1.3161223e+01   5.0000000e-01   1.2007994e+00   0.0000000e+00   2.0000000e-01   1.0000000e-01
   2.4678398e+01   1.6784324e+01   5.8367955e+00   3.6066577e+00   5.0891050e-01   8.6893642e-01   5.0251891e-01   2.9729420e-01   3.9389277e-01   2.8141059e-01
   2.4379116e+01   2.3097728e+01   1.1151278e+01   5.0123484e+00   3.2838140e+00   1.8715035e+00   0.0000000e+00   1.4070529e-01   2.9729420e-01   4.1875236e-01
   3.0042493e+01   1.7243412e+01   4.2732312e+00   6.6251663e+00   1.0000000e-01   0.0000000e+00   2.0000000e-01   1.0000000e-01   1.0000000e-01   1.0000000e-01
   2.9270785e+02   1.3637751e+02   9.5887714e+01   8.1475742e+01   3.5080202e+01   7.7570691e+00   1.3710941e+00   5.7735027e-01   3.0000000e-01   5.0251891e-01
   8.9634024e+01   6.4360797e+01   1.4522636e+01   0.0000000e+00   0.0000000e+00   0.0000000e+00   1.0000000e-01   2.2270150e-01   5.5559596e-01   1.4070529e-01
   1.0224253e+01   6.3887844e+00   7.9162281e-01   9.0000000e-01   2.0000000e-01   5.0000000e-01   1.3132964e+00   3.9389277e-01   3.4289322e-01   2.9729420e-01
   3.9168112e+01   2.8082670e+00   1.0932017e+01   8.3919815e+00   0.0000000e+00   0.0000000e+00   1.9008504e+00   4.9756985e-01   3.1204765e-01   3.4289322e-01
   1.2110271e+02   7.1574853e+01   3.8708257e+01   8.6647783e+00   1.1439127e+01   2.9439203e+00   7.2606592e-01   7.7921224e-01   4.8575673e-01   4.3239993e-01
   3.1964467e+02   2.0149191e+02   1.1580573e+02   2.1634921e+01   7.6758838e+00   3.0000000e-01   9.0000000e-01   8.5108368e-01   6.4596651e-01   6.4007575e-01
   9.8603297e+02   4.3424815e+02   3.0599860e+02   3.6600000e+01   1.8232042e+02   9.5136478e+00   2.2270150e-01   0.0000000e+00   4.9020713e-01   2.0000000e-01
   2.1363258e+03   8.6310964e+02   4.6295870e+02   2.1713097e+02   2.4412424e+02   2.6073809e+01   1.8929694e+00   6.6241066e-01   5.1980960e-01   3.2582452e-01
   8.4950220e+01   5.8741050e+01   3.3496268e+01   1.6271295e+01   7.1056316e+00   8.2265891e-01   2.0000000e-01   3.4289322e-01   3.4289322e-01   3.9389277e-01
   1.1052839e+01   8.9266087e+00   6.1315215e+00   7.8778554e-01   1.4070529e-01   4.0000000e-01   3.1526804e-01   3.7118429e-01   2.2270150e-01   2.2270150e-01
   2.2110508e+02   1.3037974e+02   6.1695678e+01   3.3052367e+01   1.7432615e+01   5.8677255e+00   2.3176094e+00   4.3239993e-01   5.2981796e-01   6.6749948e-01
   2.3909898e+01   1.1586321e+01   2.9000000e+00   0.0000000e+00   1.7000000e+00   3.8088016e+00   8.3750471e-01   2.9729420e-01   2.7779798e-01   0.0000000e+00
   4.5596689e+01   1.5772432e+01   1.1581263e+01   7.7085483e+00   0.0000000e+00   2.4000000e+00   7.0000000e-01   5.7022058e-01   7.2083005e-01   5.4122943e-01
   4.9070557e+01   2.8656623e+01   5.3007623e+00   6.5283840e+00   7.5441529e+00   2.4613374e+00   8.0271006e-01   2.7265992e-01   1.4070529e-01   1.7144661e-01
   9.0845726e+01   5.7391795e+01   3.3191655e+01   1.2548910e+01   2.2387542e+00   1.8606776e+00   0.0000000e+00   3.1526804e-01   0.0000000e+00   3.1204765e-01
   4.7179157e+02   3.5571912e+02   1.1331111e+02   8.3758003e+01   1.3528630e+01   0.0000000e+00   3.2202641e+00   4.7343576e-01   5.3361735e-01   1.7144661e-01
   2.0093092e+02   1.1732905e+02   1.0673180e+02   1.1774888e+02   2.5353284e+01   5.6922418e+00   5.9721576e-01   5.9831413e-01   1.0000000e-01   2.0000000e-01
   2.3821271e+01   7.2495141e+00   2.3333333e+00   1.5881824e+00   7.1247470e+00   1.3000000e+00   2.6433832e+00   3.1204765e-01   4.6914924e-01   2.0000000e-01
   1.2440345e+03   5.8598455e+02   4.0015624e+02   8.8808642e+01   2.2593302e+02   6.4606391e+01   1.7917147e+01   3.0895065e+00   3.8924947e-01   3.7859389e-01
   9.6321353e+01   9.0391035e+01   6.7674312e+01   5.0625672e+01   1.9499246e+01   1.6000000e+00   8.2455988e-01   2.0000000e-01   2.0000000e-01   0.0000000e+00
   1.4128759e+01   9.9030604e+00   4.9085681e+00   9.3835015e+00   5.4383970e+00   1.6414763e+00   9.4980062e-01   5.5559596e-01   0.0000000e+00   3.5887028e-01
   1.0457495e+01   1.8867962e+00   4.3732312e+00   1.6000000e+00   0.0000000e+00   1.4142136e+00   1.2608719e+00   9.3608901e-01   3.5887028e-01   3.4289322e-01
   4.1814454e+02   2.7661605e+02   1.7046617e+02   7.3226310e+01   7.4524375e+01   7.8728468e+00   3.7159226e+00   3.2952368e-01   1.7144661e-01   0.0000000e+00
   2.9509800e+01   1.0455654e+01   7.2006173e+00   0.0000000e+00   2.7725931e+00   6.0000000e-01   3.5887028e-01   0.0000000e+00   0.0000000e+00   2.0000000e-01
   7.3580626e+01   4.4062119e+01   3.5547032e+01   2.0911879e+01   9.9321740e+00   3.6437854e+00   1.8483954e+00   1.9694639e-01   1.7144661e-01   3.1526804e-01
   3.4588484e+01   2.3476616e+01   1.4311043e+01   9.3552556e+00   9.3389377e+00   2.0000000e+00   3.0000000e-01   6.0769477e-01   1.0000000e-01   1.0000000e-01
   2.3247324e+02   2.2210352e+02   1.5516514e+02   4.6351502e+01   4.1353856e+01   3.1318301e+01   9.7182532e+00   7.4745359e-01   3.0000000e-01   3.3874397e-01
   1.8303091e+01   1.7247995e+01   1.0368834e+01   6.2432509e+00   1.9697459e+00   1.4623559e+00   1.0000000e-01   2.9729420e-01   3.4289322e-01   1.4070529e-01
   1.8464327e+02   1.0830487e+02   6.2233269e+01   2.1388685e+01   4.8162603e+00   3.1889170e+00   5.4122943e-01   8.1470079e-01   8.3333333e-01   2.6111648e-01
   4.5834256e+02   3.1277119e+02   1.3729802e+02   5.0798310e+01   7.1187333e+00   2.9924315e+00   1.9366482e+00   6.0000000e-01   9.4687151e-01   5.1796026e-01
   6.7387376e+02   2.7107535e+02   1.2477429e+02   2.7880472e+01   1.0180611e+01   1.1135075e+00   4.2211588e-01   8.8825103e-01   4.7736651e-01   2.7779798e-01
   3.1771120e+00   7.0000000e-01   0.0000000e+00   0.0000000e+00   0.0000000e+00   0.0000000e+00   0.0000000e+00   2.8141059e-01   2.8141059e-01   0.0000000e+00
   1.4233784e+02   8.1578500e+01   5.4990669e+01   1.6633834e+01   1.2387168e+01   2.4237045e+00   3.1526804e-01   5.8766788e-01   2.4287836e-01   1.4070529e-01
   2.6167491e+02   2.4346719e+02   1.6031954e+02   6.1359825e+01   5.1082271e+01   8.1374307e+00   6.0000000e-01   1.0000000e-01   1.7144661e-01   3.3874397e-01
   3.2696468e+01   2.4928836e+01   2.2276615e+01   1.7144661e-01   3.2574856e+00   5.0000000e-01   3.0000000e-01   2.8141059e-01   2.8141059e-01   3.5887028e-01
   7.6697872e+01   5.2974936e+01   3.8830374e+01   2.0590816e+01   7.3174139e+00   4.1342497e+00   1.4025590e+00   2.0000000e-01   1.0000000e-01   2.2270150e-01
   6.6422583e+00   4.1484937e+00   1.4133562e+00   2.1700207e+00   3.0000000e-01   5.0891050e-01   0.0000000e+00   0.0000000e+00   1.4070529e-01   0.0000000e+00
   2.0422453e+02   1.0847914e+02   6.1059117e+01   1.9910027e+01   7.8746493e+00   9.3608901e-01   3.7118429e-01   2.6111648e-01   0.0000000e+00   1.4070529e-01
   1.2665812e+02   5.2498268e+01   3.8537626e+01   1.6482939e+01   2.3915981e+01   7.4872214e+00   1.1794109e+00   1.0000000e-01   6.4353820e-01   5.3663749e-01
   2.6064491e+02   9.7259920e+01   3.0389078e+01   1.6244754e+01   4.7809703e+00   4.6449712e-01   2.0000000e-01   0.0000000e+00   1.4070529e-01   1.0000000e-01
   7.3059209e+01   4.5722311e+01   2.2355701e+01   5.0048360e+00   0.0000000e+00   6.0000000e-01   1.1160446e+00   6.0000000e-01   3.1526804e-01   0.0000000e+00
   1.5306906e+02   6.2204765e+01   5.7300946e+01   2.9561938e+01   2.3711013e+01   5.6000000e+00   2.5084906e+00   6.5219133e-01   3.7118429e-01   3.5547663e-01
   1.0936302e+02   4.5868916e+01   2.6380455e+01   6.3840394e+00   3.8440693e+00   6.3714959e-01   6.6507385e-01   2.8141059e-01   4.2864598e-01   2.7779798e-01
   4.7282169e+01   4.6583948e+01   2.8266901e+01   7.9073614e+00   1.7741520e+01   3.5066891e+00   5.5559596e-01   3.1204765e-01   2.4287836e-01   2.1904291e-01
   6.9648658e+02   5.9377761e+02   6.1583591e+02   1.7486382e+02   1.1515976e+02   6.2106051e+00   4.5557822e+00   6.2409530e-01   2.8141059e-01   4.9020713e-01
   2.9998485e+00   2.1517200e+00   2.9606169e+00   1.0352865e+00   2.0932552e+00   5.9458839e-01   6.5219133e-01   3.4289322e-01   3.9389277e-01   3.9389277e-01
   3.5539661e+02   1.4054343e+02   6.5254030e+01   3.8812161e+01   3.1531796e+01   6.3658178e+00   6.3053609e-01   0.0000000e+00   1.9694639e-01   1.7144661e-01
   1.2011357e+02   6.4487518e+01   4.1668359e+01   6.0337770e+00   1.8869836e+00   0.0000000e+00   0.0000000e+00   2.0000000e-01   2.8141059e-01   2.4287836e-01
   1.8265149e+03   1.4497685e+03   2.7529281e+02   3.6549827e+02   1.1859861e+02   2.1731741e+01   2.4536100e+00   4.1132945e-01   1.0000000e-01   2.0000000e-01
   3.4165863e+01   2.0385108e+01   7.8935084e+00   6.7134721e+00   2.6000000e+00   1.8632816e+00   5.3663749e-01   3.9936819e-01   3.1204765e-01   2.2270150e-01
   5.1100071e+01   2.6563001e+01   1.6165467e+01   7.4584641e+00   6.9068550e+00   3.0365451e+00   5.7022058e-01   6.8578643e-01   1.0000000e-01   5.0000000e-01
   5.4702474e+01   5.3478001e+01   1.3900843e+01   1.1890489e+01   1.3533688e+01   4.2452469e+00   2.9729420e-01   1.0000000e-01   0.0000000e+00   2.2270150e-01
   3.2655488e+01   2.5547838e+01   1.7956806e+01   1.6590550e+01   9.2839549e+00   4.0873789e+00   7.0000000e-01   0.0000000e+00   3.0000000e-01   4.0000000e-01
   3.2181447e+01   1.8896582e+01   4.8325078e+00   7.6665020e+00   2.7265992e+00   2.2287379e+00   1.4395566e+00   5.2981796e-01   6.1783264e-01   5.4855181e-01
   5.5567803e+02   2.6669051e+02   1.7992451e+02   9.1911681e+01   4.9023355e+01   2.6344455e+01   6.2576337e+00   6.8718427e-01   3.9325115e-01   3.7859389e-01
   1.2390514e+03   5.4288714e+02   5.2746107e+02   6.5533321e+01   1.5838870e+01   0.0000000e+00   1.3881170e+00   2.9729420e-01   6.0394327e-01   4.8575673e-01
   7.0720445e+01   5.2430776e+01   2.5435353e+01   8.9425778e+00   5.5897092e+00   1.0996326e+00   4.6449712e-01   4.6449712e-01   2.4287836e-01   0.0000000e+00
   6.1818664e+02   3.9194886e+02   1.2116739e+02   4.8264150e+01   2.0434915e+01   7.0000000e-01   2.0000000e-01   1.4500435e+00   1.4070529e-01   0.0000000e+00
   1.2850847e+02   7.8591924e+01   1.8285657e+01   2.3787975e+01   9.7041645e+00   2.2749403e+00   7.9136757e-01   4.7736651e-01   5.7022058e-01   3.7118429e-01
   4.0006823e+01   2.2212152e+01   1.3773434e+01   2.3419538e+00   3.6677547e+00   5.1747249e-01   2.9729420e-01   2.0000000e-01   3.4289322e-01   2.9729420e-01
   8.7568914e+01   2.6976046e+01   1.0078134e+01   1.9235434e+01   5.5176485e+00   3.3467005e+00   1.0352865e+00   0.0000000e+00   1.4070529e-01   5.0891050e-01
   5.9677635e+01   2.4317355e+01   1.5350504e+01   1.0286129e+01   8.7908584e+00   1.0732750e+00   1.7759334e+00   2.8141059e-01   7.5283974e-01   2.7779798e-01
   1.1482533e+02   5.7844843e+01   4.0385391e+01   2.5340119e+01   7.6471359e+00   4.8490236e+00   1.5480193e+00   6.4007575e-01   3.2582452e-01   4.4710065e-01
   1.0760661e+01   6.9429057e+00   6.2964717e+00   6.0724248e+00   7.9122141e+00   3.0000000e-01   1.2092238e+00   6.5712874e-01   4.3239993e-01   4.5159649e-01
   7.2700278e+01   7.6716118e+01   1.5870852e+01   2.2220245e+01   8.6537141e+00   4.8575673e-01   5.7348835e-01   6.4157319e-01   3.0000000e-01   4.4710065e-01
   1.0765242e+02   8.1299245e+01   1.5231228e+01   1.3208797e+01   9.8473193e+00   2.5021001e+00   1.0732750e+00   5.0000000e-01   1.0000000e-01   2.0000000e-01
   4.4236381e+02   2.3769905e+02   1.4748144e+02   4.1809472e+01   2.4881722e+01   4.5846802e+00   1.3853490e+00   5.0612411e-01   3.5887028e-01   2.0000000e-01
   3.4216305e+02   2.4390557e+02   8.6193806e+01   5.5409049e+01   2.3326967e+01   7.3019369e+00   2.3828300e+00   9.5958745e-01   7.8951462e-01   3.8283894e-01
   5.5980877e+01   7.7000283e+01   3.4887982e+01   4.7000000e+00   1.3900000e+01   3.1000000e+00   8.4395593e+00   8.7131620e-01   4.5159649e-01   8.0220655e-01
   2.9670669e+02   1.9617939e+02   4.0953557e+01   4.8199395e+01   3.1184163e+01   2.7640550e+00   1.3976532e+00   7.6541400e-01   6.0927180e-01   5.0251891e-01
   3.6777360e+02   1.5499724e+02   9.9442394e+01   3.7618257e+01   2.3704108e+01   1.8000000e+00   1.1000000e+00   0.0000000e+00   1.4070529e-01   1.0000000e-01
   3.0253067e+01   1.2889158e+01   8.2415797e+00   1.9623733e+00   2.5751532e+00   2.5203014e+00   7.2327817e-01   1.4070529e-01   6.4698212e-01   1.0824589e+00
   1.1693158e+02   8.7029659e+01   3.2141321e+01   1.8349500e+01   4.9820993e+00   9.8529594e-01   2.6111648e-01   4.9277610e-01   2.9729420e-01   3.6735473e-01
   1.5526435e+02   1.0529507e+02   5.1508825e+01   6.4296897e+00   2.8619941e+00   2.7884864e+00   2.0000000e-01   4.0000000e-01   5.5559596e-01   4.0837198e-01
   1.5329416e+01   1.2317266e+01   7.6601026e+00   2.7000000e+00   1.9811995e+00   8.4423176e-01   1.1459194e+00   0.0000000e+00   2.2270150e-01   3.4289322e-01
   1.0396989e+01   7.6890057e+00   1.1534314e+00   9.4687151e-01   4.2211588e-01   8.0000000e-01   1.2236722e+00   1.0000000e-01   1.0000000e-01   0.0000000e+00
   6.1020324e+02   5.9601386e+02   1.8804220e+02   4.2573358e+01   5.5110083e+00   1.7137295e+00   2.4287836e-01   3.5547663e-01   3.5547663e-01   4.4710065e-01
   5.6256206e+01   2.3723781e+01   1.7200963e+01   4.1948863e+00   1.1166327e+00   0.0000000e+00   0.0000000e+00   3.0000000e-01   1.4070529e-01   1.7144661e-01
   1.3846195e+02   9.5004147e+01   3.1742364e+01   1.9488551e+01   5.1679275e+00   2.7450598e+00   7.7453146e-01   6.2150030e-01   5.1286480e-01   4.5571567e-01
   4.6149844e+00   6.8159869e+00   1.0055904e+00   4.0822231e+00   1.0000000e-01   1.7712348e+00   2.0000000e-01   4.6449712e-01   3.5887028e-01   8.0000000e-01
   6.2281294e+01   3.8309862e+01   3.7220201e+01   4.1399228e+01   1.6172130e+01   0.0000000e+00   1.4070529e-01   2.2270150e-01   1.4070529e-01   2.0000000e-01
   2.6033923e+01   2.1550718e+01   1.1495647e+01   1.2863114e+01   1.3799195e+01   2.3929822e+00   1.0736043e+00   4.4540301e-01   1.0349450e+00   2.0959557e+00
   1.4298409e+02   1.0241026e+02   3.8814570e+01   2.8040598e+01   7.8566706e+00   8.1221732e-01   7.0000000e-01   4.2864598e-01   0.0000000e+00   4.0000000e-01
   1.4253363e+02   1.2192764e+02   5.0838739e+01   1.8881392e+01   3.4564389e+00   2.5004848e+00   6.5904737e-01   4.0837198e-01   4.3808583e-01   1.7144661e-01
   2.1748346e+03   1.5208670e+03   6.4395567e+02   9.2493435e+01   1.2141036e+02   5.1533651e+00   2.8141059e-01   4.7343576e-01   2.0000000e-01   1.7144661e-01
   7.6759434e+02   6.2626321e+02   8.6946887e+01   1.5659311e+02   1.7004845e+01   3.1505925e+01   3.9949463e+00   0.0000000e+00   4.9756985e-01   3.7118429e-01
   1.0645807e+03   8.2787076e+02   3.3193196e+02   5.2778718e+01   4.7060858e+01   1.5406295e+01   3.6000000e+00   2.0000000e-01   2.7779798e-01   2.4287836e-01
   3.5874223e+02   1.6919950e+02   1.1447853e+02   5.0359431e+01   4.9307450e+01   1.2772330e+01   2.2447245e+00   2.8141059e-01   3.4289322e-01   6.4157319e-01
   1.5825116e+02   1.5058816e+02   3.7234447e+01   3.0138835e+01   1.1344286e+01   3.1290590e+00   1.4164973e+00   4.3808583e-01   4.3808583e-01   2.8141059e-01
   6.0694882e+01   5.6421304e+01   2.2403048e+01   9.5147095e+00   6.7540037e+00   6.7232373e+00   9.9513970e-01   2.2270150e-01   2.4287836e-01   2.8141059e-01
   3.1758533e+01   2.4789724e+01   1.6613160e+01   9.3598109e+00   2.6000000e+00   2.0000000e+00   1.8207280e+00   1.0691260e+00   7.8212350e-01   1.3110255e+00
   1.3411027e+01   1.0753487e+01   0.0000000e+00   2.7430537e+00   0.0000000e+00   1.5000000e+00   0.0000000e+00   0.0000000e+00   0.0000000e+00   1.0000000e-01
   8.0007649e+01   6.1583216e+01   3.2210600e+01   1.2187492e+01   1.2439851e+01   2.6333333e+00   2.2270150e-01   3.0000000e-01   4.6056619e-01   3.4289322e-01
   2.9668090e+01   1.4720463e+01   1.2151813e+01   5.4000000e+00   1.9154871e+00   0.0000000e+00   3.0000000e-01   2.0000000e-01   2.2270150e-01   2.2270150e-01
   2.1166974e+01   1.0054694e+01   7.0468562e+00   4.6686035e+00   1.9613436e+00   1.3279817e+00   4.1132945e-01   1.4070529e-01   1.4070529e-01   3.5547663e-01
   1.0885075e+01   4.4928226e+00   2.3931721e+00   3.0000000e-01   9.1430826e-01   1.4070529e-01   1.0000000e-01   1.0000000e-01   2.0000000e-01   1.7144661e-01
   5.2122312e+02   4.3278078e+02   6.4986975e+01   1.2886716e+02   1.9293062e+01   8.1283330e+00   4.0837198e-01   1.0079983e+00   2.2270150e-01   6.9187200e-01
   4.8928854e+01   2.9915058e+01   2.2525611e+01   6.8539968e+00   5.4481857e+00   4.3854212e+00   1.8730141e+00   4.1875236e-01   2.6111648e-01   5.7735027e-01
   2.2788609e+01   1.5690501e+01   8.8551703e+00   3.7617291e+00   0.0000000e+00   4.3641793e+00   9.0000000e-01   1.0000000e-01   1.0000000e-01   1.0000000e-01
   2.9545751e+01   1.0703271e+01   6.8876335e+00   2.8144469e+00   0.0000000e+00   2.0000000e-01   2.0000000e-01   0.0000000e+00   2.2270150e-01   2.8141059e-01
   6.1031918e+02   5.2970547e+02   1.5539268e+02   1.3773430e+02   3.6859000e+01   4.9185179e+00   7.6613948e-01   1.0000000e-01   3.1526804e-01   1.7144661e-01
   1.0647810e+02   6.6842625e+01   1.2426658e+01   2.0132952e+01   1.7414727e+00   7.0000000e-01   5.0000000e-01   2.8141059e-01   0.0000000e+00   2.0000000e-01
   5.6004694e+02   2.4324309e+02   1.6679740e+02   9.3794322e+01   1.6431111e+01   4.9446533e+00   2.0000000e+00   4.5516120e-01   1.0000000e-01   1.4070529e-01
   9.6788149e+01   9.0782001e+01   2.7992559e+01   2.5837441e+01   8.9347579e+00   4.2363864e+00   7.1095327e-01   4.8199920e-01   3.5887028e-01   3.4289322e-01
   4.6488264e+02   2.7923997e+02   4.4790989e+01   6.4111172e+01   1.1896439e+01   4.8091243e+00   5.0000000e-01   8.9188259e-01   3.5887028e-01   6.2409530e-01
   1.7758771e+03   1.2434177e+03   6.8867275e+02   3.1202341e+02   7.9523355e+01   2.9121957e+01   1.5495519e+00   5.9721576e-01   5.5222232e-01   1.0000000e-01
   7.0771210e+02   3.3831293e+02   2.5119924e+02   7.8900997e+01   2.6971365e+01   5.6208846e+00   1.3285900e+00   2.0000000e-01   2.7779798e-01   2.7779798e-01
   7.7921185e+01   3.3902825e+01   2.8442925e+01   7.2388612e+00   2.8615176e+00   1.8090681e+00   6.4596651e-01   0.0000000e+00   4.9020713e-01   2.9729420e-01
   1.5571452e+03   7.8076001e+02   7.2124148e+02   3.9162336e+02   9.5237084e+01   8.8245296e+00   6.4353820e-01   6.2409530e-01   3.1526804e-01   5.8005573e-01
   2.0303284e+01   1.1712356e+01   9.7018378e+00   8.1214207e+00   6.1134064e-01   3.0000000e-01   0.0000000e+00   2.9729420e-01   4.9807711e-01   2.0000000e-01
   8.6324537e+01   2.2872541e+01   1.5810938e+01   6.0280405e+00   0.0000000e+00   9.0000000e-01   3.0000000e-01   3.5547663e-01   2.0000000e-01   3.4289322e-01
   1.7770818e+02   1.4441516e+02   9.1024619e+01   6.8019608e+01   1.3205489e+01   1.4240517e+01   8.6252858e+00   8.5729195e-01   2.4287836e-01   1.0000000e-01
   8.0255961e+01   4.5046216e+01   6.5254746e+01   5.3835796e+00   1.1313222e+01   2.3768879e+00   1.3715729e+00   0.0000000e+00   4.0000000e-01   3.4289322e-01
   3.0802038e+02   1.6784757e+02   1.8720271e+02   1.0307886e+02   6.3231698e+01   1.7468297e+01   1.4007213e+00   1.0000000e-01   2.9729420e-01   5.0251891e-01
   1.2042965e+02   8.3227090e+01   9.6123183e+01   1.6882467e+01   4.4159491e+00   1.8218372e+00   5.4122943e-01   4.0000000e-01   2.6111648e-01   1.0000000e-01
   1.5233685e+02   8.8494439e+01   8.6360356e+01   4.8638186e+01   9.0130321e+00   4.7110015e+00   6.8246434e-01   1.7144661e-01   1.7144661e-01   2.7779798e-01
   9.2017068e+04   1.0657254e+05   3.7880453e+04   2.6117739e+04   3.1092553e+03   1.3069483e+02   1.6967810e+01   7.7400963e-01   4.0439505e-01   2.9729420e-01
   1.7366271e+02   7.8251444e+01   3.3011677e+01   7.2563104e+00   8.1102193e+00   2.0289819e+00   7.1095327e-01   7.2884300e-01   4.4710065e-01   4.5571567e-01
   1.7397740e+02   1.4703652e+02   7.5271093e+01   1.7882614e+01   1.9450728e+01   6.7979795e+00   1.9862914e+00   5.4855181e-01   4.9807711e-01   2.2270150e-01
   4.5712464e+01   4.6193274e+01   1.9235185e+01   8.6200319e+00   4.5516120e-01   1.0000000e-01   0.0000000e+00   2.2270150e-01   2.0000000e-01   0.0000000e+00
   1.4469733e+03   9.2052074e+02   2.2891146e+02   6.5172910e+01   2.2673072e+01   5.9031236e+00   5.3710786e-01   2.2270150e-01   1.0000000e-01   5.0562493e-01
   5.6129665e+01   3.5511983e+01   3.5558607e+01   2.8006657e+01   1.3864609e+01   2.2000301e+01   4.6449712e-01   0.0000000e+00   2.4287836e-01   3.9389277e-01
   2.5559258e+02   8.9975128e+01   3.7135650e+01   1.8568669e+01   9.2394575e+00   1.0327344e+01   2.8302836e+00   5.3663749e-01   4.1875236e-01   1.7144661e-01
   1.5129672e+01   9.6555003e+00   2.8625764e+00   1.3028330e+00   1.1000000e+00   7.5878691e-01   3.8283894e-01   5.1433982e-01   3.1526804e-01   1.4070529e-01
   1.0252641e+02   7.3357486e+01   4.1383103e+01   7.5286054e+00   3.1841781e+00   1.4898986e+00   0.0000000e+00   0.0000000e+00   2.2270150e-01   2.2270150e-01
   4.2867190e+01   2.3941393e+01   2.0812671e+01   1.2078778e+01   6.0000000e-01   6.0000000e-01   2.0000000e-01   0.0000000e+00   0.0000000e+00   1.0000000e-01
   4.9265288e+01   2.6258380e+01   6.6256618e+00   3.7505420e+00   1.3000000e+00   0.0000000e+00   6.0000000e-01   1.4070529e-01   1.0000000e-01   1.4070529e-01
   4.7195848e+01   4.7649498e+01   3.0440629e+01   1.5184585e+01   9.5674955e+00   2.7720648e+00   7.5585259e-01   1.0000000e-01   2.9318867e-01   0.0000000e+00
   2.5787758e+02   1.3170179e+02   4.6227496e+01   1.2651635e+02   1.3226370e+01   5.8148538e+00   2.0000000e-01   2.8141059e-01   0.0000000e+00   1.0000000e-01
   2.6743244e+01   1.8783520e+01   7.7317331e+00   1.1135075e+00   2.5893332e+00   0.0000000e+00   4.2211588e-01   2.2270150e-01   2.6111648e-01   3.5887028e-01
   2.3252976e+01   1.1351941e+01   6.8081576e+00   0.0000000e+00   7.5154991e+00   0.0000000e+00   2.0000000e-01   0.0000000e+00   2.8141059e-01   0.0000000e+00
   6.0161436e+01   4.1475487e+01   9.4927085e+00   0.0000000e+00   7.1774056e-01   0.0000000e+00   1.0000000e-01   0.0000000e+00   0.0000000e+00   2.0000000e-01
   1.3806085e+01   8.4458824e+00   1.0002399e+01   5.8910907e+00   1.6924073e+00   5.9458839e-01   4.0000000e-01   0.0000000e+00   0.0000000e+00   0.0000000e+00
   7.3954259e+02   3.9426731e+02   1.9920894e+02   5.1750844e+01   2.8031978e+01   9.5618349e+00   0.0000000e+00   1.1020642e+00   5.1980960e-01   5.1286480e-01
   3.3180223e+01   2.3901524e+01   1.2620630e+01   9.6914833e+00   4.4769217e+00   2.5322964e+00   6.5164903e-01   1.0000000e-01   3.1204765e-01   1.4070529e-01
   4.2347837e+01   2.9544522e+01   1.1276950e+01   5.7691184e+00   1.0000000e-01   0.0000000e+00   2.0000000e-01   1.0000000e-01   2.8141059e-01   0.0000000e+00
   2.1125269e+02   1.3655758e+02   8.8885851e+01   3.5602422e+01   2.3396147e+01   1.7236032e+00   1.1547005e+00   0.0000000e+00   4.4710065e-01   2.8141059e-01
   9.2298639e+01   5.9964380e+01   5.7829316e+01   2.6091362e+01   5.5938187e+00   2.3634207e+00   1.7151729e+00   3.8283894e-01   2.8762349e-01   2.3868326e-01
   2.4516682e+03   1.6650592e+03   1.6119040e+03   6.1848331e+02   2.8372716e+02   3.7444429e+01   6.4000000e+00   9.2135166e-01   6.5566683e-01   9.7499029e-01
   3.5012794e+02   1.6382600e+02   9.2272105e+01   4.2816615e+01   1.5943410e+01   1.0891568e+00   5.6666667e-01   5.8697994e-01   3.5547663e-01   4.5159649e-01
   8.5762460e+01   5.8220489e+01   3.4184225e+01   9.3436037e+00   0.0000000e+00   0.0000000e+00   9.4580413e-01   2.0000000e-01   0.0000000e+00   1.0000000e-01
   6.8961804e+01   3.5775985e+01   1.8426935e+01   6.2255502e+00   2.3709309e+00   1.1981046e+00   7.7400963e-01   5.1433982e-01   2.0000000e-01   6.1496489e-01
   3.7808128e+00   2.9657132e+00   3.6362235e+00   6.5847927e+00   1.7630036e+00   2.9627144e+00   1.1160446e+00   0.0000000e+00   1.4070529e-01   1.4070529e-01
   1.0453306e+02   5.9509863e+01   3.8712830e+01   1.0409101e+01   6.6577137e+00   1.3028330e+00   0.0000000e+00   2.0000000e-01   4.8523659e-01   2.8141059e-01
   1.2947145e+02   7.9462799e+01   3.0203811e+01   5.1777063e+01   2.4724715e+01   2.7628084e+01   8.2471666e+00   2.9729420e-01   3.5547663e-01   2.4287836e-01
   1.0519899e+01   8.7939373e+00   5.8106138e+00   4.4298802e+00   2.1848653e+00   2.6134655e+00   4.2211588e-01   6.0394327e-01   3.2952368e-01   5.4122943e-01
   3.5767063e+01   2.5497673e+01   1.5464969e+01   5.4130781e+00   3.8638966e+00   1.0829720e+00   5.4457842e-01   0.0000000e+00   1.4070529e-01   0.0000000e+00
   6.0010521e+01   3.6065142e+01   1.7891186e+01   1.2906407e+01   4.3146450e+00   9.0000000e-01   1.0000000e-01   1.4070529e-01   0.0000000e+00   3.7118429e-01
   4.7843478e+01   3.4184991e+01   3.5452587e+01   1.4486497e+01   1.5607885e+01   1.9000000e+00   2.5900158e+00   6.5566683e-01   2.2270150e-01   1.4070529e-01
   1.1359688e+03   5.0139894e+02   4.0163073e+02   3.2824047e+02   9.1684357e+01   1.5965316e+01   6.9794721e+00   0.0000000e+00   8.3720314e-01   5.6282118e-01
   4.0252255e+01   2.6047623e+01   3.6513117e+01   1.4082280e+01   2.2487788e+01   9.0008922e+00   3.8315411e+00   6.0727908e-01   5.0612411e-01   3.0000000e-01
   7.8754988e+02   4.6453910e+02   1.8666666e+02   1.1313864e+02   2.8607216e+01   3.3646258e+00   4.1132945e-01   4.4540301e-01   2.0000000e-01   2.6111648e-01
   5.0421500e+01   4.0494333e+01   3.3566606e+01   1.7897576e+01   1.2019256e+01   1.8051274e+00   5.2223297e-01   0.0000000e+00   1.7144661e-01   0.0000000e+00
   6.8821006e+01   3.4410704e+01   1.6701225e+01   1.6689012e+01   6.2995511e+00   4.3308968e+00   9.4580413e-01   3.0000000e-01   3.7118429e-01   3.0000000e-01
   2.6813477e+02   1.8006614e+02   2.2631766e+02   7.7867208e+01   1.7740244e+01   1.6029014e+00   4.9431107e-01   2.8141059e-01   3.9389277e-01   2.0000000e-01
   5.7154488e+01   3.3307347e+01   1.5753467e+01   8.3886889e+00   3.9355412e+00   2.3743367e+00   1.7144661e-01   2.2270150e-01   1.0000000e-01   2.7779798e-01
   5.3641039e+01   4.1428691e+01   1.7309596e+01   7.3039287e+00   2.1895989e+00   1.2754084e+00   5.3710786e-01   2.4287836e-01   1.0000000e-01   4.4710065e-01
   6.4152202e+01   4.6026425e+01   1.9918054e+01   8.4674719e+00   4.5829173e+00   1.3641884e+00   6.4007575e-01   4.9756985e-01   2.8141059e-01   3.5887028e-01
   1.6681947e+02   1.3494574e+02   7.1555962e+01   3.0037350e+01   5.8474202e+00   1.6832808e+00   6.6241066e-01   2.8141059e-01   4.5159649e-01   2.8141059e-01
   1.5785223e+02   6.3783475e+01   5.1709343e+01   1.6030451e+01   1.4616996e+01   4.9812882e+00   1.9093338e+00   4.3239993e-01   3.9389277e-01   3.5547663e-01
   2.9124636e+02   1.3602213e+02   8.3501103e+01   8.5912521e+01   2.5458431e+01   2.1013704e+00   3.0281341e+00   1.0789070e+00   6.0126130e-01   8.5108368e-01
   8.1302513e+01   3.8047630e+01   3.5195162e+01   1.3029353e+01   1.6000000e+00   0.0000000e+00   2.0000000e-01   1.4070529e-01   0.0000000e+00   2.2270150e-01
   7.0160350e+01   6.0129049e+01   3.5881031e+01   2.7631442e+01   2.0079639e+00   1.4106378e+00   1.1607643e+00   4.6914924e-01   2.4287836e-01   2.9729420e-01
   7.9489972e+01   5.0728769e+01   5.6024795e+01   8.4395593e+00   7.3776622e+00   0.0000000e+00   0.0000000e+00   0.0000000e+00   2.2270150e-01   0.0000000e+00
   6.1407296e+01   3.2279455e+01   3.8931175e+01   1.6302107e+01   8.5576536e+00   5.5805941e+00   1.0000000e-01   2.9729420e-01   1.9694639e-01   0.0000000e+00
   7.6411003e+02   4.1674387e+02   4.2603593e+02   1.8049306e+02   1.1433863e+01   3.2000000e+00   0.0000000e+00   1.0000000e-01   3.0000000e-01   4.2211588e-01
   4.3247276e+01   3.1481178e+01   2.5199014e+01   1.6352605e+01   6.6616345e+00   0.0000000e+00   7.5878691e-01   3.7118429e-01   1.0000000e-01   2.2270150e-01
   1.0703620e+03   9.7024751e+02   6.5892071e+02   3.0751332e+02   2.2307769e+02   4.6904213e+01   5.0602431e+00   1.7144661e-01   3.8924947e-01   2.2270150e-01
   4.2995917e+01   2.6225631e+01   2.3181347e+01   1.3353693e+01   4.1693809e+00   7.8515198e+00   2.3367724e+00   1.0000000e-01   0.0000000e+00   1.0000000e-01
   3.3969533e+01   3.3711028e+01   9.5036994e+00   9.1500345e+00   7.0000000e-01   0.0000000e+00   8.0000000e-01   6.1430753e-01   2.4287836e-01   6.5566683e-01
   3.1101782e+02   1.6343870e+02   9.2028981e+01   6.3467560e+01   2.3791338e+01   6.5435526e+00   3.2952368e-01   2.0000000e-01   3.0000000e-01   4.2211588e-01
   5.4747076e+01   3.1145827e+01   3.1659049e+01   1.3460376e+01   9.0453403e-01   4.4540301e-01   0.0000000e+00   2.8141059e-01   0.0000000e+00   2.0000000e-01
   4.4108225e+02   3.5401398e+02   2.3804498e+02   1.6918599e+02   9.7064520e+01   6.1668537e+01   4.3889093e+00   4.8199920e-01   2.4287836e-01   4.5571567e-01
   2.4385531e+01   1.2973053e+01   2.4501701e+01   4.3860546e+00   4.5838540e+00   4.8639677e+00   1.0055904e+00   3.1204765e-01   4.6914924e-01   2.9318867e-01
   3.0477818e+01   2.2560133e+01   2.2230407e+01   3.3360444e+00   4.5754174e+00   1.1043989e+00   6.0769477e-01   2.2270150e-01   4.6449712e-01   2.4287836e-01
   1.1876481e+02   8.2816702e+01   1.4939685e+02   7.9258240e+01   4.7457903e+01   1.2737347e+01   1.2782564e+00   8.2455988e-01   2.3868326e-01   3.9936819e-01
   3.1938847e+02   1.8058754e+02   4.5800000e+01   6.7198335e+01   1.4000000e+00   5.1000000e+00   1.5803081e+00   1.0000000e-01   1.0000000e-01   3.2952368e-01
   6.3597294e+01   3.1707787e+01   4.1630432e+01   2.5934126e+01   1.2356653e+00   9.4580413e-01   3.0000000e-01   2.9729420e-01   2.2270150e-01   1.0000000e-01
   9.5145725e+01   8.6004404e+01   8.7665998e+01   4.0825694e+01   8.2024571e+00   6.3225107e+00   1.4311117e+00   6.7239959e-01   4.3239993e-01   5.9721576e-01
   6.9516910e+02   8.1889749e+02   9.1059864e+02   4.5718438e+02   6.7695139e+02   1.4279511e+02   1.6590794e+01   4.2211588e-01   6.7711509e-01   3.0000000e-01
   3.9694593e+02   1.8095200e+02   2.1088250e+02   2.5537859e+01   6.9009775e+01   1.5479080e+01   2.0617733e+00   3.5547663e-01   5.3710786e-01   5.3285964e-01
   1.3948360e+02   1.1283769e+02   1.4050942e+02   2.5276929e+01   3.0148875e+01   2.0235710e+01   1.6021135e+00   1.9694639e-01   1.4070529e-01   3.8283894e-01
   5.7674307e+01   2.5296407e+01   3.6307887e+01   1.7071744e+01   5.1197676e+00   3.9629088e+00   1.2801515e+00   1.9694639e-01   4.0251733e-01   2.1904291e-01
   2.7444059e+02   2.6236594e+02   5.3269265e+01   5.4337274e+01   2.3952434e+01   1.0766108e+00   6.3053609e-01   3.5887028e-01   0.0000000e+00   4.0439505e-01
   3.9254909e+01   4.1642018e+01   1.6763895e+01   9.7841141e+00   2.1944604e+00   5.8766788e-01   7.6541400e-01   2.9729420e-01   3.4289322e-01   2.9729420e-01
   3.6349032e+01   2.1746938e+01   1.3065101e+01   8.6596708e+00   5.8464873e+00   2.0000000e-01   5.6666667e-01   3.5887028e-01   2.8141059e-01   5.7524698e-01
   1.0166629e+02   2.3377143e+01   1.7790010e+01   1.4348815e+01   6.5469864e+00   2.3545357e+00   9.0670900e-01   6.3013547e-01   5.0000000e-01   2.4287836e-01
   1.4635956e+01   2.6638432e+00   1.7943514e+00   2.3431827e+00   1.7978663e+00   1.8968075e+00   8.7617165e-01   3.1204765e-01   0.0000000e+00   1.4070529e-01
   3.1644515e+01   2.4686583e+01   1.8769371e+01   1.7170870e+01   5.4542727e+00   0.0000000e+00   8.0000000e-01   8.0772783e-01   3.0000000e-01   2.8141059e-01
   5.0945414e+02   3.2017364e+02   1.0220000e+02   1.7113929e+02   3.7000000e+00   7.1200000e+01   2.1830095e+01   8.0000000e-01   1.0000000e-01   2.4287836e-01
   5.0685407e+01   4.4860840e+01   1.7938488e+02   6.0625944e+00   2.8284271e+00   1.2000000e+00   2.8141059e-01   4.1875236e-01   3.5547663e-01   3.4289322e-01
   2.7719167e+02   1.5696371e+02   1.2454868e+02   1.4949354e+02   2.4916610e+01   3.2641920e+00   9.0000000e+00   2.8141059e-01   1.0000000e-01   2.0000000e-01
   9.4196770e+01   8.3190260e+01   5.6689994e+01   1.1801541e+01   6.6560522e+00   9.0000000e-01   1.0207939e+00   3.4289322e-01   2.8762349e-01   1.9694639e-01
   8.2522969e+01   3.7691309e+01   1.5134415e+00   1.3825211e+01   1.7232809e+00   0.0000000e+00   0.0000000e+00   2.2270150e-01   0.0000000e+00   0.0000000e+00
   1.6367391e+02   3.2783130e+02   2.7185290e+02   1.9988949e+02   5.7919389e+01   5.3115084e+00   1.7399350e+00   1.4967642e+00   4.2211588e-01   4.2211588e-01
   2.8093960e+01   1.8696672e+01   1.6161967e+01   3.1245995e+01   3.1446443e+00   3.0000000e-01   6.1430753e-01   3.1526804e-01   0.0000000e+00   2.2270150e-01
   3.5376776e+01   2.4249567e+01   1.0161325e+01   1.5736466e+00   9.9684908e+00   6.7468736e+00   9.4687151e-01   5.0000000e-01   4.7343576e-01   1.4070529e-01
   6.9985490e+01   2.2149563e+01   1.1838987e+01   5.6858502e+01   2.2723234e+01   7.9312450e+00   1.9135614e+00   7.5236999e-01   3.8283894e-01   4.2390679e-01
   8.9074294e+01   7.3491081e+01   2.1715618e+01   2.3551362e+01   6.2974983e+00   1.8000000e+00   1.0758600e+00   4.3239993e-01   1.0000000e-01   2.2270150e-01
   5.5531194e+01   8.4991726e+01   5.8997959e+01   3.1498948e+01   5.9170700e+00   2.1099811e+00   0.0000000e+00   0.0000000e+00   2.7265992e-01   2.2270150e-01
   3.2967402e+01   1.7087212e+01   1.1006316e+01   1.2943373e+01   6.0084116e+00   1.4375554e+00   1.6249009e+00   5.4122943e-01   1.7144661e-01   3.9325115e-01
   1.7540196e+01   7.9804306e+00   7.7032330e+00   6.2490727e+00   7.9568533e+00   3.5004184e+00   2.0000000e-01   8.0872765e-01   2.9729420e-01   5.0251891e-01
   1.4150828e+03   9.6626979e+02   1.0979003e+03   5.4133051e+02   2.8200349e+02   1.4998952e+02   1.1791792e+02   5.9837744e+00   4.0837198e-01   3.4289322e-01
   4.2602746e+02   4.8792068e+02   2.8837008e+02   1.4164186e+02   2.9851273e+01   8.3791227e+00   2.3620741e+00   2.4287836e-01   0.0000000e+00   1.9694639e-01
   8.3840879e+00   5.7385459e+00   7.2553081e+00   4.9226748e+00   4.6666667e+00   0.0000000e+00   8.0271006e-01   1.0000000e-01   1.0000000e-01   2.9729420e-01
   3.1415507e+02   1.5609965e+02   6.6159503e+01   3.7294807e+01   7.9231855e+00   7.1534127e+00   2.0705730e+00   5.4855181e-01   4.0000000e-01   5.8766788e-01
   3.7146572e+01   3.5060207e+01   2.5315815e+01   3.2232263e+01   3.8468668e+00   1.9911674e+00   9.3333333e-01   3.6735473e-01   9.7835153e-01   3.5547663e-01
   1.3665949e+02   8.8749071e+01   7.1129879e+01   2.7728562e+01   1.3960999e+01   2.0100756e+00   1.4777474e+00   5.4411452e-01   1.0239062e+00   6.7239959e-01
   4.3839303e+01   4.3473963e+01   2.2753086e+01   1.0615079e+01   1.5237020e+01   1.4000000e+00   0.0000000e+00   2.0000000e-01   2.0000000e-01   1.4070529e-01
   2.3883934e+01   1.7323179e+01   8.4881081e+00   1.0336344e+01   8.2139263e+00   3.4448615e+00   2.0000000e-01   1.0000000e-01   1.4070529e-01   2.0000000e-01
   2.5361187e+01   2.9839129e+01   4.5879609e+01   4.7844339e+00   2.5000000e+00   7.2327817e-01   5.0000000e-01   4.0439505e-01   1.7144661e-01   1.7144661e-01
   3.2033724e+01   3.9423758e+01   2.7550275e+01   2.6642216e+01   1.4699000e+01   3.6460024e+00   6.8246434e-01   1.4070529e-01   0.0000000e+00   1.0000000e-01
   2.7911867e+01   3.0506168e+01   1.2979845e+01   5.6136918e+00   7.1307840e+00   1.0000000e+00   2.0000000e-01   2.8141059e-01   2.0000000e-01   3.5887028e-01
   5.0161255e+00   4.4709613e+00   3.4255575e+00   2.1379448e+00   1.5128740e+00   7.2606592e-01   0.0000000e+00   0.0000000e+00   0.0000000e+00   2.0000000e-01
   3.2998751e+01   5.0432473e+00   1.0728095e+01   5.1836086e+00   3.5778640e+00   1.7510747e+00   2.9729420e-01   0.0000000e+00   2.0000000e-01   0.0000000e+00
   1.8877943e+03   1.6009509e+03   4.7413706e+02   2.9271463e+02   6.8802966e+01   4.4000000e+00   4.0000000e-01   1.0000000e-01   2.8141059e-01   0.0000000e+00
   4.9575063e+01   2.7787796e+01   1.2404935e+01   8.3225627e+00   1.2175070e+00   1.4025590e+00   1.0000000e-01   6.4596651e-01   1.0000000e-01   1.0000000e-01
   2.2488828e+01   2.9389167e+01   3.1852785e+01   1.2494083e+01   2.4047722e+00   1.3385881e+00   2.0000000e-01   2.8141059e-01   1.0000000e-01   4.5159649e-01
   4.5053606e+01   4.4294583e+01   4.2236481e+01   1.7899187e+01   1.1716758e+01   1.3648143e+01   3.2661564e+00   5.7515918e-01   6.1389632e-01   3.5547663e-01
   3.7649500e+00   3.1662839e+00   2.8378929e+00   2.5341904e+00   1.4070529e-01   8.0000000e-01   1.1000000e+00   0.0000000e+00   2.2270150e-01   3.0000000e-01
   1.7667784e+01   1.3334375e+01   8.2225300e+00   5.3869558e+00   2.8000000e+00   3.7003412e+00   3.0000000e-01   0.0000000e+00   1.4070529e-01   0.0000000e+00
   4.6135439e+01   3.8090974e+01   1.8961417e+01   2.0074367e+01   1.8265063e+01   1.0514343e+01   2.1700207e+00   5.3710786e-01   5.2522242e-01   3.7859389e-01
   1.2374118e+01   1.0203639e+01   5.6326161e+00   1.6690589e+00   2.3663465e+00   6.0727908e-01   1.0000000e-01   1.4070529e-01   1.0000000e-01   3.4289322e-01
   7.3261438e+01   1.4628369e+02   7.9758460e+01   3.5322016e+01   1.7030368e+01   5.5066901e+00   1.2309149e+00   7.2327817e-01   2.8141059e-01   2.2270150e-01
   3.9658883e+02   2.9019325e+02   7.5769626e+01   2.8991841e+01   6.5920905e+00   2.4993737e+00   3.3250047e+00   9.2747077e-01   7.7485743e-01   6.3397097e-01
   4.5350598e+00   1.8783993e+00   2.6729283e+00   4.0000000e-01   5.4457842e-01   4.4540301e-01   4.7343576e-01   0.0000000e+00   5.2981796e-01   0.0000000e+00
   1.8582386e+02   1.0699531e+02   9.6332534e+01   7.3946240e+01   1.8443610e+01   1.0898077e+01   1.1580199e+00   3.5887028e-01   2.0000000e-01   0.0000000e+00
   8.4927751e+01   4.4651977e+01   5.8520148e+01   3.0540789e+01   1.3323921e+01   3.9558677e+00   1.0000000e-01   2.2270150e-01   2.2270150e-01   2.0000000e-01
   1.3254347e+02   1.3594456e+02   9.1835336e+01   4.8556833e+01   9.2058392e+00   2.4899596e+00   9.5346259e-01   5.8637734e-01   5.6237232e-01   7.3381527e-01
   1.2764914e+01   1.0166016e+01   4.2762676e+00   4.9652937e+00   2.4041000e+00   1.0000000e+00   2.0000000e-01   0.0000000e+00   2.0000000e-01   2.0000000e-01
   7.0453868e+00   9.2746859e+00   2.6348672e+00   1.0000000e-01   2.9051678e+00   0.0000000e+00   0.0000000e+00   1.0000000e-01   2.0000000e-01   3.4289322e-01
   1.1202002e+01   1.2766259e+01   6.5240735e+00   4.7292236e+00   3.1825757e+00   1.1160446e+00   4.0439505e-01   3.5547663e-01   4.1875236e-01   2.9729420e-01
   1.2204618e+02   8.9601210e+01   5.2069472e+01   1.7232000e+01   2.0713778e+01   8.1398074e+00   3.9365036e+00   2.0000000e-01   5.1433982e-01   0.0000000e+00
   1.9616884e+02   1.8139177e+02   9.0013555e+01   5.5169604e+01   2.1855596e+01   2.8401700e+00   5.9458839e-01   6.1134064e-01   4.6449712e-01   2.0000000e-01
   1.8702347e+01   1.4400828e+01   6.6049874e+00   2.4631424e+00   4.2211588e-01   0.0000000e+00   2.0000000e-01   0.0000000e+00   1.4070529e-01   2.2270150e-01
   2.7215969e+01   3.1724017e+01   2.2735570e+01   9.4342167e+00   7.8115429e+00   3.3825906e+00   6.6810451e-01   1.4070529e-01   3.2952368e-01   1.0000000e-01
   2.3863829e+01   2.4988925e+01   1.4509053e+01   7.5732117e+00   4.1423533e+00   9.2790630e-01   7.5985113e-01   2.9318867e-01   0.0000000e+00   2.9729420e-01
   9.2580058e+01   6.1885691e+01   9.8981686e+01   5.3001181e+01   5.8000000e+00   3.0288372e+01   1.4818430e+00   3.5887028e-01   2.8141059e-01   3.4289322e-01
   7.8570244e+01   8.2605018e+01   3.4365334e+01   5.0785845e+01   1.1450182e+01   1.0307475e+01   0.0000000e+00   7.0352647e-01   4.3239993e-01   5.0891050e-01
   2.8023864e+01   3.6787130e+01   1.8151581e+01   1.7685407e+01   8.8115168e+00   7.4236858e-01   3.7118429e-01   3.5547663e-01   3.3874397e-01   3.1204765e-01
   1.3387816e+02   1.5388566e+02   4.5299197e+01   3.2994121e+01   1.6699132e+01   5.9369073e+00   1.5000000e+00   3.0000000e-01   1.0672347e+00   1.0000000e-01
   1.2754194e+02   9.0639566e+01   7.7106676e+01   3.2293634e+01   1.7927058e+01   3.5609980e+00   2.9997306e+00   3.1526804e-01   2.6111648e-01   2.2270150e-01
   4.8801775e+01   3.8680085e+01   1.7082024e+01   7.5563539e+00   1.2213633e+01   2.3000000e+00   0.0000000e+00   2.7779798e-01   2.8141059e-01   4.5571567e-01
   3.6199782e+01   2.3409096e+01   1.1279601e+01   5.8383615e+00   7.3167857e-01   2.0000000e-01   2.0000000e-01   3.4289322e-01   2.8141059e-01   3.1204765e-01
   2.1712924e+02   2.4506426e+02   1.2426277e+02   8.8875359e+01   8.4348433e+01   9.9470111e+00   7.3731700e+00   1.3382863e+00   1.0952146e+00   1.3077469e+00
   7.3503590e+00   3.7000000e+00   2.5366804e+00   3.6218194e+00   1.4354811e+00   1.0122482e+00   6.6141874e-01   3.4289322e-01   3.5887028e-01   0.0000000e+00
   1.3175624e+02   8.4097271e+01   3.2469541e+01   1.7616369e+01   3.2841677e+00   2.0193758e+00   1.2900161e+00   1.7144661e-01   4.7343576e-01   5.6237232e-01
   1.8504038e+02   8.1978644e+01   1.1743821e+02   6.1125128e+01   2.4401681e+01   1.1046179e+01   1.1856039e+00   8.8283291e-01   8.8329045e-01   1.1448612e+00
   3.0094323e+01   1.8728456e+01   2.2327236e+01   8.5320785e+00   3.6677547e+00   3.3070937e+00   1.8768930e+00   1.0000000e-01   0.0000000e+00   0.0000000e+00
   3.7404601e+01   3.6187295e+01   2.7878894e+01   1.4237789e+01   7.2942415e+00   2.7314850e+00   7.8212350e-01   2.0000000e-01   2.8141059e-01   2.2270150e-01
   1.1019152e+01   1.8693625e+01   6.9884465e+00   1.1488681e+01   5.0000000e-01   1.0000000e-01   1.0480863e+00   4.0439505e-01   1.7144661e-01   1.0000000e-01
   4.5051190e+01   9.7116976e+00   0.0000000e+00   1.3700000e+01   5.8000000e+00   0.0000000e+00   3.8779876e+00   3.1526804e-01   5.6666667e-01   2.2270150e-01
   3.1628372e+01   1.8669835e+01   2.1296369e+00   4.6988501e+00   2.9925665e+00   1.9866982e+00   3.0000000e-01   2.0000000e-01   4.3239993e-01   0.0000000e+00
   5.8224487e+00   4.3544474e+00   9.3910553e-01   1.9543011e+00   2.0000000e-01   1.3055824e+00   6.4970856e-01   2.2270150e-01   2.0000000e-01   1.0000000e-01
   8.5586273e+00   4.9894738e+00   4.5701159e+00   4.3635311e+00   1.6099125e+00   0.0000000e+00   4.0837198e-01   2.0000000e-01   3.4289322e-01   3.9389277e-01
   1.2617266e+03   7.7778552e+02   8.8298712e+02   3.4456485e+02   2.9997650e+02   3.2963553e+01   1.9637883e+00   1.0000000e-01   3.7859389e-01   3.2082595e-01
   2.3469550e+01   2.4772003e+01   1.4994949e+01   1.2846506e+01   5.5521313e+00   6.6810451e-01   2.0000000e-01   1.0000000e-01   3.9389277e-01   0.0000000e+00
   2.9411439e+01   1.7171209e+01   2.4692280e+01   7.6166948e+00   4.7641231e+00   1.2767936e+00   1.3831234e+00   9.1071068e-01   6.0769477e-01   9.4366575e-01
   4.5938794e+02   3.3359032e+02   1.3944496e+02   5.0658671e+01   9.0087443e+00   6.0000000e-01   2.0000000e-01   0.0000000e+00   1.0000000e-01   2.2270150e-01
   1.9279612e+01   2.1555182e+01   8.8742676e+00   5.8144717e+00   4.9098026e+00   8.3427280e+00   0.0000000e+00   2.9318867e-01   1.4070529e-01   1.9694639e-01
   1.0672347e+00   0.0000000e+00   0.0000000e+00   1.0000000e+00   0.0000000e+00   1.3562798e+00   1.2175485e+00   2.4287836e-01   2.0000000e-01   2.0000000e-01
   2.9750624e+02   2.5754079e+02   2.6280871e+02   1.7541509e+01   1.5284544e+01   4.1000000e+00   2.2432615e+00   7.9968428e-01   7.0667810e-01   6.1987291e-01
   1.7851565e+01   8.6324265e+00   8.2592831e+00   2.4543509e+00   2.4246212e+00   1.3000000e+00   4.0000000e-01   2.4287836e-01   1.0155856e+00   5.9458839e-01
   1.2514500e+02   1.8359466e+02   1.4986045e+02   1.3493922e+02   4.5000000e+00   2.3168029e+00   1.1404412e+00   3.2582452e-01   6.7089568e-01   5.7735027e-01
   1.3049633e+00   1.3301477e+00   4.3398436e+00   4.6974203e+00   1.9623733e+00   1.0000000e-01   2.4287836e-01   2.4287836e-01   4.8199920e-01   1.7144661e-01
   3.6908158e+00   4.6913955e+00   1.7000000e+00   7.0000000e-01   9.0000000e-01   3.5887028e-01   3.5547663e-01   2.0000000e-01   3.4289322e-01   2.4287836e-01
   2.7183902e+02   1.2341844e+02   1.1401140e+02   3.0732306e+01   1.0488204e+01   2.6161117e+00   1.2679419e+00   4.0000000e-01   3.5547663e-01   2.0000000e-01
   2.7449456e+01   2.0956065e+01   2.4064022e+01   1.7197754e+01   1.3433033e+01   6.4000000e+00   6.0000000e-01   4.0837198e-01   3.4289322e-01   3.9389277e-01
   9.9416613e+01   8.3329879e+01   4.1227229e+01   1.6178100e+01   5.2918462e+00   2.1921808e+00   3.0000000e-01   4.3808583e-01   2.8141059e-01   2.0000000e-01
   1.9584727e+01   1.4349501e+01   1.7588782e+01   7.7658343e+00   7.0036066e-01   8.0000000e-01   2.0000000e-01   3.1204765e-01   2.9729420e-01   0.0000000e+00
   6.8419747e+01   5.0988016e+01   4.1308370e+01   3.1188019e+01   3.8114833e+01   9.2492915e+00   7.4100396e+00   7.0036066e-01   0.0000000e+00   0.0000000e+00
   1.1985762e+01   6.0369234e+00   4.9512676e+00   7.4663623e+00   4.1422192e+00   1.6196707e+00   6.7419986e-01   2.0000000e-01   3.6735473e-01   2.4287836e-01
   2.8451248e+02   2.0227691e+02   1.2387812e+02   7.2954760e+01   3.4948417e+01   1.0232149e+01   3.7199435e+00   2.5643240e-01   1.0000000e-01   1.0000000e-01
   2.0867828e+01   1.0427290e+01   1.3007985e+01   9.0233983e+00   8.3003894e+00   0.0000000e+00   6.1141581e+00   8.7264836e-01   4.1438771e-01   2.0000000e-01
   7.1470556e+00   3.7245975e+00   6.0312653e+00   5.5894110e+00   3.1026219e+00   1.1000000e+00   8.5611290e-01   3.1526804e-01   4.1875236e-01   1.0000000e-01
   2.4578598e+01   1.5104070e+01   1.7433232e+01   1.0216104e+01   7.9167065e+00   4.1731586e+00   6.6666667e-01   4.4710065e-01   2.2270150e-01   4.3808583e-01
   6.7295444e+00   1.3470881e+01   1.5285865e+01   5.7669469e+00   5.1881275e+00   8.0000000e-01   2.0000000e-01   2.3868326e-01   3.5547663e-01   2.5643240e-01
   3.6360146e+01   4.4779825e+01   4.2734752e+01   1.1792756e+01   1.4203869e+01   1.6944353e+00   9.9513970e-01   5.3663749e-01   1.0000000e-01   3.4289322e-01
   4.6560051e+00   3.8815284e+00   2.9896116e+00   1.1035297e+00   1.6808788e+00   1.0000000e-01   0.0000000e+00   2.0000000e-01   1.0000000e-01   2.2270150e-01
   4.1177540e+01   2.2893736e+01   9.6598513e+00   1.7183722e+01   2.0622631e+00   4.8575673e-01   2.0000000e-01   2.0000000e-01   2.9729420e-01   2.2270150e-01
   1.0000000e+00   9.2103313e+00   8.8189191e+00   4.1330889e+00   2.7235598e+00   8.7449841e-01   9.1098792e-01   5.6666667e-01   2.0000000e-01   3.5547663e-01
   1.0547301e+01   7.0896425e+00   1.6150629e+01   6.2163356e+00   7.0000000e-01   1.2900161e+00   4.1132945e-01   2.4287836e-01   1.0000000e-01   2.0000000e-01
   8.7116490e+00   9.5418483e+00   9.0136597e+00   2.0646129e+00   1.3028330e+00   1.4070529e-01   7.6084748e-01   0.0000000e+00   1.4070529e-01   3.1526804e-01
   1.0237715e+03   7.1518578e+02   1.2448494e+03   1.0091926e+03   2.2295786e+02   1.7033467e+01   0.0000000e+00   0.0000000e+00   2.2270150e-01   0.0000000e+00
   3.6165584e+01   2.2909669e+01   1.8745448e+01   4.3061971e+00   6.3000000e+00   0.0000000e+00   8.3333333e-01   4.9756985e-01   6.2563099e-01   6.1987291e-01
   2.8007537e+01   1.0662670e+01   1.9390313e+01   1.5109496e+01   3.2578576e+00   7.0000000e-01   0.0000000e+00   3.9389277e-01   4.0439505e-01   4.6056619e-01
   7.7310799e+01   4.1805398e+01   7.3424712e+01   3.1763410e+01   7.2624953e+00   4.3980138e+00   1.0310336e+00   3.9389277e-01   2.9318867e-01   1.7144661e-01
   2.0431200e+01   1.0900148e+01   9.6130961e+00   8.4379793e+00   6.3340988e+00   3.8000000e+00   6.0000000e-01   5.0612411e-01   1.0000000e-01   2.4287836e-01
   1.4005986e+02   8.3618650e+01   1.0019523e+02   6.1450036e+01   9.0949870e+00   6.6012243e+00   3.4538809e+00   3.5887028e-01   1.4070529e-01   1.0000000e-01
   5.4958433e+01   7.1863661e+01   2.9532218e+01   6.3668650e+00   7.0041546e+00   1.9522326e+00   1.7865943e+00   3.0748245e-01   1.4070529e-01   3.8283894e-01
   4.5274137e+01   1.7391682e+01   3.3188163e+01   3.8598805e+01   9.5246411e+00   2.8000000e+00   1.0000000e-01   2.4287836e-01   1.4070529e-01   2.1904291e-01
   3.0213215e+00   1.6209176e+00   6.4093603e+00   1.9993938e+00   2.7351805e+00   0.0000000e+00   5.0000000e-01   3.5887028e-01   0.0000000e+00   1.0000000e-01
   1.1268312e+01   1.5866870e+01   1.0779606e+01   4.3277236e+00   2.9070447e+00   2.5000000e+00   8.2265891e-01   5.7348835e-01   2.9318867e-01   0.0000000e+00
   5.2540027e+01   2.0943722e+01   1.7130291e+01   2.3544070e+01   1.2401120e+01   4.3305236e+00   5.7022058e-01   2.8141059e-01   2.5643240e-01   1.9694639e-01
   1.2835541e+01   3.7481949e+01   1.7554314e+01   3.3222742e+01   1.5170476e+01   1.7313497e+01   2.0941477e+00   3.5547663e-01   3.1526804e-01   2.9729420e-01
   9.3910553e-01   0.0000000e+00   3.0000000e-01   1.0000000e-01   0.0000000e+00   2.0000000e-01   0.0000000e+00   0.0000000e+00   2.8141059e-01   0.0000000e+00
   6.0286856e+00   3.2706222e+00   5.5677644e+00   2.0843573e+00   3.8336495e+00   6.8009209e-01   2.0000000e-01   1.0000000e-01   1.7144661e-01   2.4287836e-01
   1.8045115e+01   1.4310676e+01   1.8227726e+01   1.3328408e+01   9.1407126e+00   6.2880679e+00   3.6968455e+00   2.2270150e-01   0.0000000e+00   2.2270150e-01
   4.9756985e-01   2.8051000e+00   8.8460400e+00   2.8842309e+00   2.6333333e+00   1.0647710e+00   6.4698212e-01   3.1204765e-01   0.0000000e+00   1.4070529e-01
   1.9694639e-01   0.0000000e+00   4.2864598e-01   1.0000000e-01   2.4287836e-01   0.0000000e+00   3.1204765e-01   2.0000000e-01   3.1204765e-01   2.0000000e-01
   5.6889047e-01   5.5732043e-01   3.4289322e-01   5.7022058e-01   5.3889149e-01   2.0000000e-01   0.0000000e+00   2.0000000e-01   2.2270150e-01   2.0000000e-01
   0.0000000e+00   0.0000000e+00   0.0000000e+00   0.0000000e+00   0.0000000e+00   0.0000000e+00   1.7144661e-01   3.8924947e-01   0.0000000e+00   2.4287836e-01
   1.0000000e-01   0.0000000e+00   0.0000000e+00   0.0000000e+00   0.0000000e+00   1.0000000e-01   0.0000000e+00   1.0000000e-01   0.0000000e+00   0.0000000e+00
   2.3868326e-01   2.1904291e-01   2.1904291e-01   1.9694639e-01   2.7265992e-01   3.0151134e-01   1.9694639e-01   1.4070529e-01   1.9694639e-01   1.9694639e-01
