   1.2349690e-06   2.9815568e-07   2.3504590e-07   9.8029493e-08   1.0271501e-08   1.3880196e-08   2.7934676e-09   2.3285503e-10   5.9621536e-10   1.0466479e-09
   6.2740364e-07   4.4296267e-07   1.1663049e-07   5.7656739e-08   1.6182417e-08   8.7709330e-09   1.2761512e-09   4.3220517e-10   3.2064114e-10   5.6048644e-10
   6.1354187e-05   2.1211666e-05   5.1100037e-06   1.0805786e-05   1.1105631e-06   0.0000000e+00   5.2193248e-08   5.5059361e-10   5.5296791e-10   2.7476636e-11
   4.7836521e-06   1.2197178e-06   1.0529136e-06   1.7339866e-07   2.3983450e-07   7.2424844e-08   1.9929251e-09   1.4676013e-10   9.0292262e-11   6.1017715e-10
   7.8682597e-04   4.2405089e-04   4.6597707e-05   1.4206790e-05   6.0638483e-05   1.1512074e-06   5.0795415e-09   4.0558406e-10   4.4516260e-10   3.0388047e-10
   4.2202045e-06   3.3376079e-06   3.7876316e-07   7.0208397e-07   9.5316684e-08   4.9244930e-09   6.3248065e-10   1.0029733e-08   1.7438528e-09   7.3207968e-11
   4.7884937e-06   1.9731714e-06   1.2595358e-06   5.1361937e-07   9.3348137e-08   3.1629086e-08   1.6634651e-09   4.9763847e-10   0.0000000e+00   1.1916727e-10
   8.7748917e-07   4.2883596e-07   2.1185905e-07   1.3790285e-07   5.6296633e-09   1.6701209e-10   9.0862786e-11   1.9214084e-10   3.3065686e-11   7.4338685e-11
   2.1756959e-05   1.2465003e-05   4.3843424e-06   1.5789178e-06   6.2330381e-07   8.3851555e-08   4.7584400e-09   3.1798275e-10   6.6445007e-10   1.7968807e-10
   2.2495328e-07   4.5655100e-07   7.6983610e-07   2.4655256e-07   0.0000000e+00   2.9498429e-07   2.6732777e-08   8.3662290e-11   0.0000000e+00   1.3035990e-09
   2.3121084e-05   3.3067174e-05   1.8870736e-05   9.1969227e-06   2.5704137e-05   3.6345757e-07   1.0889987e-07   8.6544454e-09   3.1378490e-10   1.6935060e-10
   5.2220365e-05   3.9313525e-05   3.5704919e-05   1.2102420e-05   7.6598944e-06   1.8890774e-06   3.5117645e-07   0.0000000e+00   2.7342795e-10   0.0000000e+00
   5.9468619e-05   2.7630889e-05   1.3688044e-05   3.2855479e-06   3.0079357e-06   2.7124976e-07   2.1561246e-08   1.6201685e-11   2.3008625e-10   3.0801968e-10
   2.9669841e-07   1.2036255e-07   7.2662220e-08   2.4895256e-08   6.3412756e-09   2.2241493e-09   5.9001750e-10   3.0168158e-10   9.3495253e-10   5.1297571e-10
   1.2484477e-04   7.3193037e-05   4.4449218e-05   3.4478163e-05   3.0612281e-05   2.1060178e-06   3.8137390e-09   2.9294981e-09   4.4862812e-09   1.9620357e-09
   9.1156882e-06   1.0226589e-05   7.4846189e-06   4.2499772e-06   6.4715360e-06   3.2810010e-07   6.4801133e-08   8.4665410e-10   8.4182120e-12   5.9695530e-11
   9.9512728e-05   4.3322417e-05   5.0196488e-05   3.8289833e-06   6.2696041e-05   6.7547016e-07   5.4655901e-08   2.1093699e-09   7.3718972e-10   1.6646874e-11
   3.1255407e-06   5.6757671e-07   2.9122912e-07   2.1246009e-07   3.7069401e-08   3.6452696e-07   2.4986241e-07   5.7637223e-09   2.7975774e-10   2.8389337e-10
   9.1409744e-06   3.3239197e-06   2.1841638e-06   1.6588672e-06   6.3487334e-08   3.8384499e-08   3.4186239e-09   1.8858695e-09   5.9824626e-10   8.1720581e-10
   8.0840535e-06   8.1315590e-06   2.8831637e-06   0.0000000e+00   8.7516242e-07   8.4534252e-08   9.3601040e-10   1.5087788e-10   8.8145755e-11   1.2787195e-11
   4.0244897e-04   1.3320481e-04   7.7404723e-05   9.0700060e-06   7.6847955e-06   0.0000000e+00   5.5343551e-11   2.9577933e-10   1.4603791e-09   1.8525351e-11
   2.1910654e-05   1.7180492e-05   1.3857484e-05   1.3852612e-06   3.0533726e-06   1.9641950e-07   6.9185964e-09   3.0325040e-09   2.3436832e-10   1.9127269e-10
   1.1754636e-05   2.1375301e-06   0.0000000e+00   0.0000000e+00   2.0092741e-08   0.0000000e+00   1.5134461e-07   8.1443439e-10   4.8633459e-11   1.6798614e-12
   7.6727739e-06   2.5139703e-06   1.2048272e-06   3.5493328e-07   8.6607146e-08   3.5427426e-08   1.3797398e-08   6.6594804e-10   2.2440149e-10   5.0623303e-11
   2.0831411e-04   1.2982714e-04   6.3554004e-05   8.3110612e-06   9.7695152e-06   1.3402307e-10   0.0000000e+00   0.0000000e+00   1.5665402e-10   3.5515657e-10
   1.6778143e-06   5.2599240e-07   2.0292251e-07   1.1556657e-07   3.2490796e-08   1.0630347e-08   4.4171720e-09   3.7218839e-10   3.1298317e-10   1.0073544e-09
   9.5096494e-06   4.4907976e-06   2.0595101e-06   8.5309394e-07   4.2094056e-07   5.4782617e-08   1.1139110e-09   0.0000000e+00   4.9469100e-10   1.6906240e-11
   6.9963601e-05   3.1307689e-05   2.5585706e-05   1.5510395e-05   2.7330182e-06   2.6629313e-07   7.8886150e-09   0.0000000e+00   3.3627447e-10   8.2913163e-10
   2.1808152e-05   1.0774705e-05   6.1418759e-06   4.1607691e-06   9.1260423e-07   1.8751433e-07   2.7416600e-09   5.0671048e-10   1.4359182e-09   9.6404983e-10
   3.3298784e-06   1.9122566e-06   6.2125589e-07   5.6525719e-07   5.3037580e-08   1.3386530e-08   2.6630406e-09   1.2343124e-09   5.9996362e-10   2.9687803e-10
   1.6439578e-05   1.1409735e-05   3.9975367e-06   1.7115578e-06   0.0000000e+00   2.5288074e-08   9.1870765e-08   1.1933708e-08   2.1116301e-09   2.0053259e-10
   4.5415524e-07   3.2475324e-07   1.3010901e-07   3.0410707e-08   9.8732874e-09   1.0000110e-09   1.5126481e-10   1.3679672e-10   4.3934509e-11   9.1547422e-11
   2.6248078e-05   9.6138246e-06   6.3617429e-06   3.0421266e-06   9.6060361e-08   4.0135929e-08   3.0056421e-08   3.7545149e-10   1.0208704e-11   1.0043459e-09
   8.6097773e-05   4.0119932e-05   2.7507056e-05   1.4121565e-05   5.3600580e-06   6.5236168e-07   3.5046479e-08   1.4019830e-08   2.2135800e-10   1.2465573e-10
   1.9138995e-05   4.9706185e-06   3.5966417e-06   8.5129647e-07   1.8700881e-07   4.2017468e-08   4.1075925e-08   7.7631526e-10   8.0352655e-10   1.3691507e-09
   1.5363270e-06   1.7303571e-06   7.1595521e-07   4.1104865e-08   2.2686892e-07   8.1336363e-09   3.8960415e-10   0.0000000e+00   2.0048224e-10   7.1196220e-10
   2.6424732e-07   3.0220732e-07   1.5654494e-07   6.2032417e-08   9.4783992e-08   1.4735491e-08   7.5842251e-10   9.4055191e-10   7.4833900e-10   9.2958372e-10
   1.0626365e-05   5.5165012e-06   3.4887310e-06   1.5918089e-06   3.3691733e-07   2.1895912e-08   0.0000000e+00   2.1846974e-09   2.4609269e-10   1.3450592e-10
   2.8768775e-05   1.5743222e-05   6.9342832e-06   6.4116344e-06   7.2313111e-07   4.3768579e-08   1.8106454e-08   9.3029225e-10   6.0894257e-11   1.0968867e-10
   3.3229951e-05   1.9606087e-05   2.0023218e-05   1.5179751e-05   1.5961442e-05   4.9941129e-06   5.5911236e-08   7.1690115e-09   3.0172314e-09   1.5278492e-09
   1.8321920e-05   9.7028929e-06   6.5556041e-06   7.4532633e-06   4.2168499e-06   3.4247354e-06   2.3853701e-08   6.4789088e-10   6.8332389e-10   1.5959081e-10
   3.4142992e-06   2.9430516e-06   2.0753633e-06   9.1914438e-07   1.0074354e-06   2.9382776e-07   1.8362242e-07   3.8766666e-10   2.2009241e-09   2.3394668e-09
   4.2135096e-07   2.4805556e-07   3.6485584e-08   2.0794422e-08   3.0668729e-09   7.3214822e-10   1.5067745e-09   7.9537371e-10   3.8937070e-10   5.6469845e-10
   6.6107505e-06   3.7545959e-06   2.8005208e-06   2.4184344e-06   2.0651931e-07   2.5647925e-07   4.2866789e-08   3.0552361e-09   8.3094390e-11   8.8807069e-11
   1.5256339e-05   8.5813632e-06   4.3006509e-06   4.3838336e-06   1.4030740e-06   3.2633746e-07   2.2426767e-08   3.3566729e-10   1.0172845e-10   2.2868708e-10
   2.3181548e-04   5.2865035e-05   4.8425568e-05   1.4191469e-05   7.3535152e-06   1.5564927e-06   1.1607074e-06   1.1859228e-08   4.0569279e-10   1.8195949e-10
   1.3132352e-05   7.6767207e-06   2.3026137e-06   4.3799724e-07   9.1837155e-08   2.8644306e-08   1.1843807e-08   7.2232367e-10   4.3886881e-11   6.2948449e-10
   3.2533453e-06   2.6872854e-06   1.6408315e-06   7.7295082e-07   5.0843747e-07   9.2281572e-09   8.9684921e-09   2.2137867e-09   2.2944444e-09   3.6993185e-09
   7.6436400e-06   4.8537567e-06   1.2868053e-06   0.0000000e+00   2.8921255e-07   1.0031312e-07   7.5971389e-09   1.9887844e-10   5.4701728e-11   1.1824206e-10
   3.3436484e-05   2.9151584e-05   2.0582294e-05   2.2996554e-05   2.4922014e-06   1.5658625e-05   9.5351365e-08   3.0829257e-08   1.0001038e-09   1.2255088e-09
   1.2714692e-07   1.3989296e-07   1.1317388e-08   3.0785069e-09   0.0000000e+00   0.0000000e+00   1.7165558e-09   1.8512938e-12   1.8145376e-10   2.0893146e-11
   6.0913527e-06   1.6860075e-06   8.8904177e-07   2.8258840e-07   3.1360042e-08   2.1009482e-08   1.6487846e-10   0.0000000e+00   2.4118462e-11   4.8109010e-11
   1.4825205e-06   5.4574761e-07   2.2187281e-07   8.7831522e-08   2.7638595e-08   3.0198789e-09   6.1673860e-10   0.0000000e+00   1.2469665e-10   8.3151310e-12
   1.0580629e-06   2.8403181e-07   9.4804844e-09   6.5012055e-08   1.1577096e-07   1.7666876e-07   2.5787817e-09   1.2905746e-10   1.9793301e-10   6.9093920e-10
   3.3788377e-06   1.9447291e-06   3.2354742e-07   1.0358032e-07   5.2788056e-08   3.1095982e-09   1.3865346e-10   3.3835450e-10   4.2350913e-10   6.5257098e-10
   2.3860206e-06   1.7690731e-06   7.3119289e-07   1.9875508e-07   4.3195671e-07   1.0435548e-07   0.0000000e+00   2.4593948e-09   2.3253444e-10   1.4000424e-09
   2.7414649e-07   6.7582805e-08   2.6003824e-08   1.7550996e-08   3.5048904e-11   1.8834378e-09   2.8370357e-10   5.4903600e-11   7.0601264e-11   4.2024170e-11
   5.4073920e-03   1.2359821e-03   5.9793008e-04   2.4239651e-04   5.6007427e-06   2.6041945e-05   2.0459025e-07   1.8699843e-08   3.4970321e-09   2.1075595e-09
   6.3329706e-07   1.9230661e-07   6.6361822e-08   7.9620207e-09   2.7089722e-09   0.0000000e+00   8.1132025e-10   2.2904855e-10   4.3588422e-10   7.3190202e-10
   3.5966537e-06   2.1142189e-06   1.3832534e-06   4.8869538e-07   7.5463400e-07   7.7654658e-08   7.0221239e-11   4.8259719e-10   3.8248716e-10   5.6185404e-10
   3.9700802e-06   1.5953567e-06   7.9879706e-07   1.4228677e-07   1.4913071e-07   1.2955755e-08   1.2510296e-09   3.1450419e-09   6.7196168e-10   1.4034287e-10
   1.0880991e-05   7.5433829e-06   3.9660808e-06   1.7527593e-06   1.7891679e-07   0.0000000e+00   7.4908269e-08   3.7921914e-09   6.4946393e-11   1.1112257e-10
   3.6119347e-06   1.4305110e-06   6.7529682e-07   2.7487304e-07   2.8062108e-08   2.2923577e-08   1.3677221e-09   2.7674681e-10   1.1367495e-12   1.8813186e-10
   1.8768468e-05   8.8410450e-06   5.3922099e-06   1.6599413e-06   2.3900352e-06   7.5580105e-07   1.2447399e-08   2.2777128e-10   6.4801421e-11   5.3524129e-09
   2.7249002e-06   1.5318018e-06   2.8318194e-07   4.8572810e-07   2.3933492e-08   1.1535210e-07   5.1603005e-11   2.3166777e-10   0.0000000e+00   1.3390407e-10
   5.7476774e-04   3.2762304e-04   1.4105533e-04   6.4414719e-05   2.8090925e-05   1.0759155e-05   1.5849542e-07   1.4633278e-09   3.6706921e-10   6.6185140e-10
   2.0110429e-07   2.1344155e-07   1.0541234e-07   4.5666157e-08   1.2135944e-07   5.2022709e-09   2.9441298e-09   1.6046331e-10   3.7922634e-10   8.6301497e-10
   5.1825583e-04   6.2980944e-04   1.5995872e-04   1.4092045e-04   2.5001361e-05   2.3755127e-05   6.0873837e-06   7.3296353e-08   9.2009437e-10   1.6880314e-09
   7.1512627e-06   1.4937536e-06   1.2183675e-06   6.1947290e-07   8.2118684e-08   2.0751958e-07   2.2898575e-08   4.1480461e-10   4.4612445e-10   6.8992003e-10
   9.1454187e-06   2.6140734e-06   1.2545688e-06   8.0589521e-07   1.1441196e-07   7.9384581e-11   5.8807489e-10   5.5403194e-12   7.7286351e-10   2.4809098e-10
   1.2322792e-05   4.8371573e-06   3.3477595e-06   2.0295267e-06   6.7113056e-07   1.9940251e-09   1.6501590e-08   0.0000000e+00   6.0686205e-11   1.5234646e-12
   6.4638472e-07   2.4585337e-07   5.2137482e-08   2.7225459e-08   1.8438452e-09   7.2221343e-09   4.8902008e-09   2.3442081e-10   7.4310134e-10   4.4903746e-10
   8.5605096e-07   6.5175012e-07   2.0701703e-07   4.2319414e-08   2.1644637e-08   6.3297961e-09   0.0000000e+00   6.7915760e-11   4.8462814e-10   1.1491483e-09
   1.7516049e-06   7.1177417e-07   1.0676405e-07   1.3899482e-07   3.7289512e-10   0.0000000e+00   2.0113421e-10   4.6829727e-11   2.2346393e-10   1.1586430e-10
   7.1966110e-05   1.6654292e-05   1.3626576e-05   9.4219834e-06   3.4672946e-06   2.3304810e-07   9.6631840e-09   2.0107328e-09   3.5151826e-10   1.9129222e-09
   2.1549733e-04   9.1693853e-05   6.6931246e-06   0.0000000e+00   0.0000000e+00   0.0000000e+00   2.9747492e-10   1.0785374e-09   2.8143789e-09   1.7638373e-10
   5.2674093e-07   1.7122430e-07   1.0011238e-08   2.6445873e-09   1.3234345e-10   3.1288969e-10   1.4628468e-09   6.2301699e-10   7.1843961e-10   2.8577027e-10
   2.2352767e-05   2.2509392e-07   3.2421200e-06   2.3960144e-06   0.0000000e+00   0.0000000e+00   3.6312884e-09   3.5365082e-09   7.3982809e-10   1.3886185e-09
   1.1031734e-05   4.7917830e-06   2.7417529e-06   2.4683808e-07   2.3092662e-07   3.4623302e-08   9.8593334e-10   1.6148393e-09   4.8459979e-10   6.2602420e-10
   1.7328558e-05   1.2682858e-05   4.8515703e-06   2.1816088e-06   3.9389080e-07   7.0426914e-10   1.5863183e-08   1.2360364e-09   6.1696887e-10   4.6984015e-10
   1.1085994e-05   2.8451162e-06   1.3881634e-06   8.1306252e-08   9.0487612e-07   1.1972690e-07   7.0713701e-10   0.0000000e+00   1.0197830e-09   1.0729431e-09
   8.2784151e-05   3.6095819e-05   1.5574359e-05   4.9164874e-06   9.1413195e-06   9.3514378e-07   2.0218703e-08   1.0469667e-09   7.3247849e-10   1.4922655e-10
   4.1460300e-06   2.7314583e-06   1.2575407e-06   4.7371034e-07   5.1390560e-07   2.3549145e-08   1.4934368e-09   4.3899748e-10   6.0412347e-10   9.0154093e-10
   1.7982390e-06   1.1616690e-06   4.5338599e-07   4.0854754e-08   4.6533653e-10   5.4266542e-10   8.2859057e-09   2.0523077e-09   1.2096656e-09   5.7106061e-10
   6.7241282e-06   2.3942116e-06   1.1043787e-06   3.8693906e-07   1.3639483e-07   1.2073957e-08   1.5672576e-09   9.9726444e-10   1.8579059e-10   9.1335890e-10
   1.4431102e-06   4.9780824e-07   2.6703824e-08   0.0000000e+00   1.0775718e-08   3.1595816e-08   2.7222555e-09   3.3193092e-10   2.3447698e-10   0.0000000e+00
   7.6636563e-06   6.3641538e-07   6.2471608e-07   4.1767200e-07   0.0000000e+00   1.6647672e-08   8.3079011e-10   1.3452569e-09   1.3697582e-09   1.2021819e-09
   5.0790841e-06   1.9793502e-06   1.0847611e-07   1.5564451e-07   1.2349313e-07   4.0863672e-08   3.4475366e-09   8.9746867e-10   6.0326197e-11   2.4380238e-10
   2.8132358e-06   1.7161796e-06   7.3007066e-07   1.6889697e-07   9.6923352e-09   1.0254351e-08   0.0000000e+00   4.5135946e-11   0.0000000e+00   1.1928793e-10
   1.4344599e-03   7.0611582e-04   1.7128964e-04   2.0409080e-04   7.8820612e-06   0.0000000e+00   5.0574076e-06   1.4682059e-06   6.8395068e-10   1.9595644e-10
   1.6760584e-05   6.7955392e-06   4.2013003e-06   9.1612556e-06   2.2154119e-06   1.4988036e-06   1.7225324e-07   5.0568051e-09   1.2402086e-10   3.4746482e-10
   3.8204507e-06   9.0659532e-07   7.3955345e-08   5.9747913e-08   4.4911149e-07   3.0170835e-08   1.3775796e-07   2.5138125e-09   1.2856735e-09   6.2978722e-10
   6.0718791e-03   3.2870739e-03   1.2167150e-03   2.7432876e-04   1.0677472e-03   1.3627061e-04   9.9108679e-06   1.3061225e-07   1.5659598e-09   2.2832838e-09
   1.7703865e-06   9.1974672e-07   3.8938201e-07   4.9390665e-07   4.5603446e-08   2.5412560e-09   2.1326316e-10   4.4178892e-11   2.2492798e-11   0.0000000e+00
   2.6919953e-05   1.5561087e-05   4.0453399e-06   3.1180664e-06   6.4745878e-07   1.8995929e-08   1.3177318e-09   8.7673149e-10   0.0000000e+00   2.6548309e-10
   9.6686491e-04   1.3785836e-04   4.0727016e-04   1.5033092e-05   0.0000000e+00   3.8354327e-05   2.2421247e-05   1.2547959e-06   1.7897569e-09   1.2004093e-09
   8.6139544e-06   3.4977792e-06   2.3097056e-06   8.2081782e-07   7.1563816e-07   9.6096074e-08   2.8462235e-08   7.0341168e-10   2.9584998e-10   0.0000000e+00
   6.0789752e-07   1.7100146e-07   9.7374284e-08   0.0000000e+00   2.2715645e-08   6.3442639e-09   1.2395963e-09   0.0000000e+00   0.0000000e+00   2.8415921e-10
   6.9933540e-07   4.9187680e-07   2.0493570e-07   7.4808205e-08   5.5778933e-08   1.9418763e-08   1.7481869e-09   7.0635677e-11   3.2800423e-11   1.1346966e-10
   9.8504738e-05   6.4614345e-05   2.6349177e-05   1.0542343e-05   7.2297737e-06   1.3461060e-07   4.5497793e-08   7.2144381e-08   1.4382216e-11   1.5567681e-12
   1.9158478e-05   1.4285990e-05   7.6135188e-06   2.8675615e-06   1.8112750e-06   1.4443331e-06   6.3031768e-07   6.3463918e-09   3.8949767e-10   4.0102837e-10
   1.6194342e-07   8.2799532e-08   4.3656188e-08   2.7055474e-08   4.3758104e-09   2.9225729e-09   8.0689406e-12   1.9210697e-10   8.3825909e-11   1.4568088e-11
   2.1857139e-06   9.4232870e-07   2.4899275e-07   1.2421460e-07   7.3416591e-09   5.8112143e-09   1.2105179e-10   7.7929459e-10   3.3698435e-10   9.9287904e-11
   4.1576302e-05   2.0918683e-05   1.1121247e-05   2.5055030e-06   2.6452006e-07   8.6076026e-08   6.2977804e-08   1.6449781e-08   1.3029368e-09   1.1438567e-09
   5.7288182e-06   1.8584470e-06   6.3066087e-07   8.4314919e-08   1.5374634e-08   1.4053705e-09   2.8563865e-10   6.9359732e-10   1.6175495e-10   7.8985314e-11
   1.0651393e-06   8.7331863e-08   0.0000000e+00   0.0000000e+00   0.0000000e+00   0.0000000e+00   0.0000000e+00   7.6102794e-10   1.0748784e-09   0.0000000e+00
   5.2557439e-05   2.9253131e-05   1.2561499e-05   1.8946140e-06   2.5152592e-06   1.3671356e-07   2.7994876e-09   1.1494026e-08   5.6105775e-10   1.3411133e-10
   9.4289365e-06   8.2662543e-06   4.1214069e-06   1.0788945e-06   7.4921749e-07   6.5795586e-08   1.4338006e-09   1.3658782e-11   1.8611676e-10   4.1583907e-10
   8.7570489e-07   3.6983025e-07   3.8266606e-07   8.6904561e-11   7.6347441e-09   2.4404293e-10   1.9232895e-10   4.5721422e-10   8.5687715e-11   1.6541256e-10
   1.8108180e-07   9.4450861e-08   5.4044706e-08   1.6667534e-08   8.6631514e-09   3.7304983e-09   7.2883432e-10   1.0151770e-11   4.8507043e-12   9.3136298e-12
   8.3435336e-05   4.4469774e-05   2.1036356e-05   1.6338356e-05   6.4589158e-07   1.9890503e-06   0.0000000e+00   0.0000000e+00   6.7697025e-11   0.0000000e+00
   9.4967892e-06   3.1856699e-06   1.2167833e-06   3.0591451e-07   8.7242017e-08   2.4666269e-09   2.9197062e-10   2.0918882e-10   0.0000000e+00   1.6963690e-11
   2.0614037e-05   4.8818752e-06   2.9176718e-06   1.0041365e-06   1.2822354e-06   1.4876203e-07   1.2812633e-08   8.3425725e-13   1.8994475e-09   9.7805019e-10
   2.3111843e-05   6.6299184e-06   1.4178419e-06   5.2399698e-07   1.8513788e-07   3.6871152e-09   8.9747201e-11   0.0000000e+00   4.5295560e-11   2.5507267e-11
   1.1644412e-06   5.3656877e-07   2.4062164e-07   1.5004377e-08   0.0000000e+00   3.6741465e-09   7.9373227e-10   4.8760279e-10   2.6442550e-10   0.0000000e+00
   4.4504884e-06   1.6991193e-06   8.9943963e-07   5.2608284e-07   2.8329399e-07   5.2809264e-08   8.8118394e-09   1.7206311e-09   1.4660935e-10   2.6366503e-10
   1.3297083e-06   4.0111706e-07   1.9530895e-07   2.5088352e-08   9.7867607e-09   9.6403038e-10   4.2979090e-10   4.8275189e-10   3.5098627e-10   9.2069440e-11
   3.8636986e-06   3.5453762e-06   1.9372161e-06   2.6160048e-07   4.8330361e-07   7.4344524e-08   1.9153168e-09   5.9081875e-10   3.4600308e-10   3.3484858e-10
   1.5809733e-04   1.0024207e-04   1.0908460e-04   2.2585168e-05   1.6916842e-05   2.4760098e-07   1.3508884e-07   4.5772188e-09   1.5413305e-10   2.0718022e-09
   1.5805797e-07   5.3046039e-08   7.7405305e-08   1.0468525e-08   4.3084303e-08   3.3382361e-09   1.1475290e-08   6.0353964e-09   8.4089095e-09   9.2953664e-09
   3.1937743e-03   9.5748619e-04   2.9394474e-04   1.1497925e-04   1.2969418e-04   8.3695818e-06   1.5909625e-07   0.0000000e+00   1.3355461e-10   5.3533091e-11
   4.4379351e-05   1.6006964e-05   1.3274097e-05   6.4107095e-07   1.9451154e-07   0.0000000e+00   0.0000000e+00   6.4707861e-10   3.5912806e-10   5.0401910e-10
   2.7364612e-04   2.1354839e-04   2.9008977e-05   2.1103368e-05   6.9179286e-06   1.0059683e-06   4.3324715e-08   4.4776844e-10   5.8382343e-12   2.9981729e-11
   2.1038090e-06   8.6689250e-07   2.5887414e-07   1.2905049e-07   4.5950321e-08   2.1044989e-08   1.9656716e-09   2.3523081e-10   2.1282599e-10   1.1483519e-10
   1.9293033e-05   6.0152835e-06   3.0869572e-06   1.0312479e-06   7.7603339e-07   2.3269422e-07   8.0714566e-08   3.2167919e-08   8.8354087e-11   1.5032895e-09
   1.0564462e-06   1.0973897e-06   3.4659265e-07   7.8555879e-08   1.4737530e-07   5.1423898e-08   4.7216245e-09   4.5835564e-11   0.0000000e+00   2.5065487e-10
   9.3692484e-07   6.2964193e-07   5.2537376e-07   2.3142625e-07   4.5041442e-07   4.0308523e-07   4.5803767e-07   0.0000000e+00   3.7559165e-10   1.1830820e-10
   4.2288534e-07   1.3989637e-07   2.9206933e-08   5.9504991e-08   9.2522911e-09   8.2007153e-09   3.2509764e-09   1.4876270e-09   1.4357164e-09   2.6338758e-09
   6.4625908e-04   2.4493777e-04   1.3140435e-04   5.5292431e-05   2.0133883e-05   4.9695907e-06   3.8646630e-07   5.8976203e-09   2.0164317e-09   6.0036606e-10
   5.9273154e-05   2.2171396e-05   1.5006853e-05   1.7947883e-06   4.2028036e-07   0.0000000e+00   1.0966149e-09   5.8940467e-10   3.0875380e-09   1.0807494e-09
   1.7534558e-05   1.0028223e-05   5.9402810e-06   9.8466228e-07   1.0069216e-06   3.9416214e-07   4.5122489e-08   1.1040721e-09   6.1989724e-10   0.0000000e+00
   7.0930159e-05   3.2496892e-05   8.8933233e-06   3.0358356e-06   8.9553844e-07   2.5110878e-09   6.5606537e-09   5.6505355e-08   7.1791301e-11   0.0000000e+00
   1.1158002e-06   5.9486934e-07   8.8754045e-08   1.0953326e-07   1.6693405e-08   2.7312194e-09   8.4666707e-10   4.7741638e-10   4.7694252e-10   3.1398470e-10
   1.6458635e-06   6.9231145e-07   3.0195256e-07   2.3287377e-08   3.8584636e-08   3.3967098e-10   2.7224197e-10   3.6455641e-10   5.0192407e-10   5.6267811e-10
   2.8307083e-05   5.8158209e-06   1.5297051e-06   2.7280449e-06   5.7499057e-07   4.0637772e-07   5.2902084e-08   0.0000000e+00   7.6802090e-10   1.3983143e-09
   9.0580803e-07   3.2095701e-07   1.8009334e-07   6.7574926e-08   5.0503561e-08   4.6736016e-10   9.0602570e-10   1.4885713e-10   3.4039580e-10   1.8260377e-10
   2.4216841e-06   8.9988990e-07   6.2830231e-07   2.0567641e-07   5.0914752e-08   3.8673192e-08   3.8712737e-09   2.4649678e-10   1.8384802e-10   3.3366610e-10
   1.5465365e-06   7.0606381e-07   6.5904957e-07   3.4674012e-07   1.0127937e-06   1.0557934e-09   5.3183671e-09   1.3214310e-09   4.2726371e-10   1.1767734e-09
   6.3336264e-06   7.3474775e-06   1.0489117e-06   1.4870032e-06   3.4074276e-07   3.2158040e-09   1.8462876e-09   1.0554189e-09   1.2767625e-10   7.4957099e-10
   1.6019409e-06   8.0284676e-07   1.1692973e-07   8.3016566e-08   5.5076916e-08   1.3206777e-08   1.7730922e-09   1.3462220e-10   3.2202036e-10   1.5178201e-11
   5.0487013e-05   1.8548418e-05   9.9139131e-06   2.2413031e-06   1.1092477e-06   6.0468205e-08   1.6781627e-09   3.1529552e-10   1.2013846e-10   2.4140772e-10
   1.8567680e-04   1.2907300e-04   3.7140280e-05   1.3364260e-05   6.1718235e-06   1.0347680e-06   1.3338361e-07   6.2500333e-08   2.1853399e-09   6.1328041e-10
   1.2372104e-05   1.2495058e-05   3.6074734e-06   2.2836338e-07   1.1409802e-06   1.5104729e-07   1.3487637e-06   5.7801439e-09   1.2695763e-09   1.9435809e-09
   6.5466713e-06   3.4356547e-06   3.6904379e-07   5.5286758e-07   4.0263028e-07   1.8289979e-08   3.1163564e-08   7.1371819e-10   5.4653222e-10   6.8722551e-10
   1.8381285e-04   4.5393966e-05   2.2877286e-05   3.5210070e-06   2.4684212e-06   3.4146839e-08   7.7095463e-09   0.0000000e+00   8.0596016e-11   2.1496601e-11
   2.1687612e-07   8.4139070e-08   2.8650947e-08   3.8986165e-09   7.1974325e-09   5.3164126e-09   6.0194954e-10   1.4254347e-10   1.0563271e-09   9.9156607e-10
   5.2021878e-07   2.4135490e-07   6.7400171e-08   3.1184094e-08   6.8315570e-09   6.0835242e-10   1.9283893e-10   2.8533054e-10   1.1084967e-10   1.2654400e-10
   7.8945333e-05   5.7242010e-05   1.3756005e-05   2.1920115e-07   2.1181726e-07   1.9786237e-08   1.0139048e-10   1.1298200e-09   2.4219631e-09   6.7694688e-10
   1.8850758e-05   1.2359315e-05   3.5864330e-06   7.1050921e-07   1.7726718e-07   1.8507335e-08   4.5955223e-09   0.0000000e+00   2.8536601e-11   2.9086601e-10
   9.0175808e-08   5.2103595e-08   4.4707049e-09   3.6997948e-09   1.0308017e-09   1.1582361e-09   3.6112819e-09   6.9413722e-12   5.3213171e-11   0.0000000e+00
   3.2870742e-04   2.0327613e-04   8.5858934e-05   1.3833268e-05   2.0708684e-07   1.5682630e-08   2.9884398e-09   2.0634821e-09   2.0966699e-09   2.5061244e-09
   1.6777802e-05   7.8974636e-06   1.9671987e-06   4.4851195e-07   2.2763006e-08   0.0000000e+00   0.0000000e+00   1.2272055e-09   4.4749770e-11   6.1288720e-10
   4.7496693e-06   2.2291474e-06   3.1584789e-07   2.1486010e-07   4.2190797e-08   3.1594518e-09   4.9031898e-10   1.1490972e-09   5.7613407e-10   4.2657037e-10
   4.7554593e-08   5.4664107e-08   3.4403794e-09   2.1930286e-08   5.5422614e-11   9.7348275e-09   1.2995343e-10   9.8387303e-10   2.4089521e-10   1.0859154e-09
   1.6731467e-06   7.7660310e-07   4.7056330e-07   3.2113606e-07   1.1909669e-07   0.0000000e+00   6.3702236e-11   1.9439138e-10   9.5090503e-11   1.0954681e-10
   3.9862966e-07   2.5934367e-07   1.5423868e-07   1.1035167e-07   1.8299991e-07   1.3122230e-08   1.4903223e-09   4.5983014e-10   6.7796782e-10   1.9766498e-09
   1.5711025e-06   8.2703366e-07   2.0902060e-07   1.7593902e-07   3.6092892e-08   4.9184961e-10   2.8548056e-10   3.4617097e-10   0.0000000e+00   2.2975000e-10
   1.5668950e-06   1.2032290e-06   4.1215232e-07   1.0327423e-07   5.1848840e-09   3.5248851e-09   3.2534830e-10   8.6195867e-11   2.9262564e-10   2.8373008e-11
   1.8645713e-03   1.0523551e-03   3.2700157e-04   3.7304029e-05   2.4096995e-05   8.7269157e-07   2.8851580e-08   4.1840699e-08   8.4274289e-10   7.9469193e-10
   1.8165147e-04   1.1931477e-04   1.0978277e-05   1.9051997e-05   1.6362473e-06   2.4832078e-06   1.0747874e-07   0.0000000e+00   2.2773055e-09   9.4657769e-10
   4.8014122e-04   3.5407532e-04   9.6488195e-05   7.3998138e-06   7.9124250e-06   4.9350084e-06   2.2287596e-06   1.1857155e-07   1.3443174e-10   1.5328225e-10
   5.8261853e-05   1.6315741e-05   1.1674779e-05   4.1010099e-06   4.9559976e-06   5.6105301e-07   7.8404739e-09   5.1715433e-10   5.6078017e-10   1.7115777e-09
   1.4021582e-06   1.0337388e-06   2.4456623e-07   2.3692693e-07   5.8266363e-08   2.2262957e-08   3.5587798e-09   2.3687290e-10   2.4092654e-10   7.7823439e-11
   3.7085834e-05   2.8420790e-05   8.7094583e-06   1.5298124e-06   1.0274804e-06   3.8185357e-07   2.2069506e-09   5.0824282e-11   1.0856288e-10   8.4052158e-11
   5.2469865e-07   2.3356265e-07   8.2483456e-08   3.2204439e-08   3.4180323e-09   2.5436363e-09   3.5688919e-09   2.2359460e-09   4.3836614e-10   1.5049578e-09
   1.2422487e-06   5.6733809e-07   0.0000000e+00   7.0765848e-08   0.0000000e+00   1.7439123e-08   0.0000000e+00   0.0000000e+00   0.0000000e+00   3.8214463e-12
   2.6846960e-05   1.5275727e-05   6.0793763e-06   1.3718450e-06   1.3405593e-06   2.0906151e-07   3.5768555e-08   1.0149424e-08   1.7707095e-09   7.6884083e-10
   9.0569610e-07   3.6375692e-07   1.6375038e-07   4.2126735e-08   3.1719514e-09   0.0000000e+00   1.6474255e-10   8.0242692e-10   1.5903900e-10   1.6921845e-10
   1.4508034e-06   3.4668306e-07   3.9891621e-07   1.2968989e-07   6.1326905e-08   3.8724765e-08   4.3826119e-09   3.8853626e-10   3.9679180e-10   9.7419131e-10
   5.5397571e-06   1.8163474e-06   5.2471718e-07   2.0982331e-08   1.3987751e-07   1.9083992e-09   2.2026748e-10   4.7585961e-10   1.9079729e-10   3.0783578e-10
   7.8641426e-06   4.6013371e-06   5.9920420e-07   1.1260004e-06   1.6306615e-07   5.3379917e-08   2.5146955e-10   6.5467541e-10   9.6220475e-11   4.4896623e-10
   2.4404191e-06   1.4965956e-06   7.3943307e-07   9.3326112e-08   1.4341031e-07   5.5937412e-08   9.4956124e-09   3.1972124e-10   4.7549911e-10   2.1226420e-09
   3.6569263e-05   2.0610999e-05   7.0978240e-06   5.1188326e-07   0.0000000e+00   2.8013377e-06   1.4377750e-07   1.3074580e-08   2.9275384e-10   4.1548517e-12
   1.0749556e-07   3.2170933e-08   1.6312406e-08   5.3416884e-09   0.0000000e+00   8.6528838e-11   2.0361203e-10   0.0000000e+00   2.9889608e-11   7.1836502e-11
   1.0482272e-05   6.3211026e-06   1.5986725e-06   9.9054204e-07   1.7540387e-07   1.4068695e-08   1.6563793e-09   2.5670161e-12   5.3205008e-11   4.9269440e-12
   7.9423019e-06   4.9431820e-06   3.2040856e-07   8.4044555e-07   6.5912045e-08   1.0299415e-08   2.1496304e-08   3.7911561e-10   0.0000000e+00   1.9240231e-10
   5.3439074e-06   2.2566912e-06   9.6543312e-07   4.7439283e-07   8.8720384e-08   2.6631587e-08   4.4100577e-09   4.2585325e-10   1.0074388e-11   2.3613013e-11
   6.4964067e-06   4.3604341e-06   7.9681998e-07   6.8428701e-07   1.1744009e-07   7.2380660e-08   2.5816087e-09   1.0521628e-09   2.0163321e-10   1.2858417e-09
   4.8178336e-05   1.7851302e-05   3.0684432e-06   4.1787721e-06   2.5943462e-07   1.1472577e-07   1.6963824e-09   1.0583051e-09   1.4215022e-10   4.5228402e-10
   2.7096133e-05   1.2707892e-05   3.3530198e-06   2.8382184e-06   2.8194088e-07   1.7500493e-07   6.8800400e-09   6.3978898e-10   6.1720825e-10   1.6516367e-11
   3.3388031e-05   1.2185625e-05   7.7256441e-06   1.5346935e-06   5.1459322e-07   3.7031255e-08   2.2820775e-09   4.5606893e-11   2.3123103e-10   2.4773051e-10
   3.6194671e-04   1.2542403e-04   1.1238962e-04   1.2800183e-05   2.2939381e-06   3.5303914e-06   9.3217930e-07   0.0000000e+00   2.3468463e-09   7.3988484e-10
   2.8830352e-04   1.2593200e-04   6.9686275e-05   3.9290984e-05   8.1829115e-06   2.2735999e-07   1.8710742e-09   1.0548268e-09   4.3987516e-10   2.4195867e-09
   5.3467932e-06   1.5364214e-06   1.4155752e-06   1.3712494e-06   1.7120998e-08   2.8317590e-10   0.0000000e+00   8.6062041e-10   6.5596874e-10   2.5151178e-10
   5.9603321e-05   1.4208629e-05   7.1773711e-06   1.6630390e-06   0.0000000e+00   9.0053367e-08   3.4412251e-09   8.2223576e-09   1.1803241e-10   7.7503283e-10
   1.7575332e-04   9.3030734e-05   2.7416890e-05   3.7888153e-05   6.6189877e-06   6.5988271e-06   2.2148885e-06   1.3110418e-09   3.4894753e-10   2.1865656e-11
   1.2504244e-06   5.0985401e-07   7.5182916e-07   2.0103783e-08   9.2812434e-08   1.0327612e-08   3.6387080e-09   0.0000000e+00   3.6765355e-10   8.1741014e-10
   5.6370474e-07   2.3409785e-07   1.8479058e-07   7.0927205e-08   3.4472412e-08   1.3190766e-08   2.3971596e-10   2.7931356e-12   4.4577432e-11   4.9752265e-11
   4.0710381e-05   2.1293133e-05   1.9134513e-05   2.5458841e-06   6.8873654e-07   1.1894905e-07   2.3330547e-07   1.2076887e-09   3.7175855e-10   2.6641350e-11
   1.1726406e-04   4.3389507e-05   5.0404374e-05   1.8829535e-05   2.5393192e-06   6.8509703e-07   2.9849735e-08   2.1774449e-10   1.5442185e-11   2.2796401e-10
   1.3359264e-01   8.4417902e-02   2.3101202e-02   2.7406712e-02   2.8513109e-03   7.1301429e-05   7.1015946e-06   1.9467792e-08   1.6734272e-09   9.8738464e-10
   9.5952364e-06   3.6258884e-06   1.2700060e-06   2.1043572e-07   1.1126859e-07   7.7633549e-08   1.0037959e-07   7.2293585e-09   3.7875645e-10   4.4727220e-10
   1.6908750e-05   1.2248504e-05   5.4318345e-06   5.1513329e-07   5.7149778e-07   7.9724476e-08   1.0012184e-08   1.7186210e-09   6.6686210e-10   1.1191438e-10
   5.0381085e-06   3.0033436e-06   1.1398902e-06   4.2226162e-07   5.9610785e-09   1.3799542e-09   0.0000000e+00   1.2727894e-08   9.4224259e-10   0.0000000e+00
   4.8922809e-05   1.9062603e-05   3.8071729e-06   6.8288056e-07   1.1098440e-07   6.6118578e-09   3.4395871e-10   2.8039444e-11   9.0717132e-12   4.1836633e-10
   3.5062638e-05   3.4826799e-06   3.0048988e-06   3.2054302e-06   2.6221431e-06   1.2065137e-06   6.7460950e-08   0.0000000e+00   3.9017252e-10   2.4246197e-09
   2.6743301e-05   8.0202065e-06   2.7076858e-06   1.9270210e-06   1.5049428e-07   2.1470773e-07   1.2725472e-08   2.3915085e-10   5.4199446e-10   4.6968284e-11
   2.1339225e-07   7.7640854e-08   1.5004129e-08   1.8307337e-09   2.1310218e-09   2.0398810e-09   1.4145220e-09   9.9871649e-10   1.8507846e-09   7.0777083e-11
   6.4059032e-06   4.3234338e-06   1.6596683e-06   4.7799291e-07   1.9750122e-07   1.5459451e-07   0.0000000e+00   0.0000000e+00   1.8985204e-10   2.3046519e-10
   2.2387098e-06   7.5037072e-07   5.5690150e-07   1.7325835e-07   7.1764015e-10   1.1708193e-09   5.6513483e-10   0.0000000e+00   0.0000000e+00   1.9560186e-10
   2.1963922e-05   1.2324794e-05   7.1297559e-07   3.7423518e-07   4.9329865e-08   0.0000000e+00   6.9784043e-09   3.5843127e-10   7.1908731e-10   5.3429810e-10
   2.7375914e-06   2.3455158e-06   1.5211544e-06   5.3243283e-07   1.5904142e-07   3.9514092e-08   2.4302092e-09   1.6058546e-10   3.0029049e-10   0.0000000e+00
   1.5141739e-05   5.6428797e-06   1.0533713e-06   1.8427973e-06   1.0603240e-07   1.1588574e-08   2.1641158e-11   3.8148921e-10   0.0000000e+00   4.4913705e-11
   1.6347747e-05   7.8914196e-06   2.2507078e-06   8.9492016e-08   2.9141297e-07   0.0000000e+00   5.5580695e-09   1.0251746e-10   5.4953506e-10   6.0781141e-10
   5.1509369e-07   1.0171739e-07   6.9590567e-08   0.0000000e+00   1.4852630e-07   0.0000000e+00   1.0971681e-09   0.0000000e+00   1.1264793e-10   0.0000000e+00
   8.1085031e-06   3.3610489e-06   3.2899153e-07   0.0000000e+00   1.1436078e-08   0.0000000e+00   4.4006205e-11   0.0000000e+00   0.0000000e+00   5.0097692e-10
   1.2978428e-06   5.8420544e-07   5.9533083e-07   2.7216847e-07   8.3034039e-08   1.3462567e-08   1.6058444e-08   0.0000000e+00   0.0000000e+00   0.0000000e+00
   6.5255238e-03   2.5562076e-03   1.3120399e-03   1.5306617e-04   6.7300123e-05   1.4510665e-05   0.0000000e+00   1.7992843e-07   1.8199174e-09   1.8571980e-09
   5.1064117e-06   2.3750598e-06   7.9558817e-07   8.5935418e-07   1.2787014e-07   7.9879763e-08   1.1567165e-09   2.2614999e-10   3.6809893e-10   1.6890120e-10
   1.3670584e-06   8.2374546e-07   2.3942865e-07   9.0416465e-08   9.3654398e-10   0.0000000e+00   5.4300197e-10   6.0918690e-11   2.9042001e-10   0.0000000e+00
   1.5932543e-05   1.1428802e-05   5.4466425e-06   1.9438963e-06   1.4006499e-06   3.3923419e-08   6.8365518e-08   0.0000000e+00   6.0908990e-10   2.6627954e-10
   5.9508181e-05   3.1209690e-05   2.4344357e-05   6.6788009e-06   1.3127822e-06   5.4179957e-07   1.0144451e-07   3.6652910e-10   5.4051751e-10   6.0124531e-10
   1.3059324e-05   7.3246888e-06   6.7997500e-06   2.1969160e-06   1.1992769e-06   1.4247453e-07   1.3096024e-08   2.4336692e-10   8.6539681e-11   3.2941413e-10
   4.0392091e-06   1.7061138e-06   5.0581809e-07   1.9669531e-07   5.1781706e-08   9.9085704e-10   3.8128769e-10   7.5114288e-10   5.9927158e-10   3.4799455e-10
   1.5083176e-05   9.9657841e-06   3.4626184e-06   5.7526749e-07   0.0000000e+00   0.0000000e+00   1.2709079e-08   1.0339353e-10   0.0000000e+00   3.3481542e-11
   3.0632269e-06   1.1323166e-06   5.3936544e-07   8.1228563e-08   1.8926463e-08   1.9377009e-09   8.2228057e-10   5.0967344e-10   1.4720588e-10   1.6729563e-09
   2.9306434e-08   2.1933222e-08   2.4555495e-08   2.8722589e-08   8.4334422e-09   1.7636854e-08   3.1111682e-09   0.0000000e+00   1.4184207e-10   3.0151061e-11
   3.0379200e-03   1.2867782e-03   7.5776298e-04   4.8250688e-05   2.0553682e-05   1.8389667e-07   0.0000000e+00   2.5108770e-10   9.7863417e-10   1.3756265e-10
   1.6490183e-04   1.0529264e-04   3.9408417e-05   6.9184927e-05   9.5729757e-06   4.7552642e-05   1.1150715e-06   4.6732167e-09   6.1317286e-10   5.5954766e-10
   1.5127392e-05   1.0783186e-05   3.4665498e-06   4.0218202e-06   8.3613008e-07   1.3512687e-06   8.7846880e-08   3.0765124e-09   2.3246758e-10   8.2318072e-10
   3.1123379e-05   1.8319199e-05   1.2363554e-05   1.9367645e-06   2.1688216e-07   2.9809943e-08   2.4003984e-09   0.0000000e+00   1.1775596e-10   0.0000000e+00
   4.2310427e-06   1.8408247e-06   1.0201048e-06   4.3588482e-07   9.6427763e-08   4.7157029e-09   2.1860140e-11   3.0282411e-10   0.0000000e+00   1.0068225e-10
   3.3409320e-06   2.3724832e-06   1.2242985e-06   7.1281547e-07   6.8004049e-07   3.0101470e-08   6.3739510e-08   2.5411176e-09   4.3093885e-11   4.2674850e-11
   1.4230373e-03   7.2512935e-04   5.2311117e-04   1.3941015e-04   1.7367335e-04   6.5327994e-06   1.2420573e-06   0.0000000e+00   9.1577661e-09   3.2692513e-09
   2.8448583e-05   1.0969776e-05   1.4142246e-05   1.5300216e-06   2.3048366e-06   4.6218657e-07   6.1288034e-08   1.0139760e-09   1.7583393e-09   3.6193350e-10
   2.7381305e-04   1.5312037e-04   3.5903447e-05   1.5396210e-05   2.1241436e-06   4.4535372e-08   5.9209260e-10   1.9138170e-09   4.3534301e-10   4.6393704e-11
   1.9550935e-06   6.5394712e-07   6.6116426e-07   2.1993422e-07   1.6042439e-07   8.6724682e-10   1.3582312e-10   0.0000000e+00   2.4572612e-11   0.0000000e+00
   6.7527918e-06   4.2261705e-06   4.2364209e-06   1.7183681e-06   1.5587354e-07   4.9987855e-08   2.1186044e-08   3.5359505e-10   8.3062423e-10   4.5398107e-10
   1.3619319e-05   7.7668395e-06   5.4318574e-06   1.8929698e-06   1.8219107e-07   7.8668985e-09   9.8868386e-10   4.0015453e-10   7.7618267e-10   2.6921710e-11
   3.4642681e-06   1.8421666e-06   4.6643688e-07   1.7926423e-07   8.2319121e-08   2.7588718e-08   1.0042583e-10   1.1345152e-10   2.4256507e-11   1.5919154e-10
   2.9286374e-06   1.9583347e-06   7.5647816e-07   3.4573881e-07   8.9280382e-08   5.4382306e-08   6.6612721e-09   2.1980391e-10   3.3342161e-10   1.0604222e-09
   3.4236400e-06   2.0553915e-06   7.2730450e-07   3.3474083e-07   1.2815643e-07   5.4401541e-08   5.9464330e-08   1.7528890e-09   3.1537242e-10   3.8812210e-10
   1.0351229e-06   4.5788164e-07   2.7847711e-07   8.6648629e-08   1.9176670e-08   4.2648568e-09   1.4844555e-09   8.9126594e-10   1.1892877e-09   4.1206958e-10
   5.1326253e-05   2.1732042e-05   1.5984107e-05   3.1814869e-06   6.3492037e-06   6.2248120e-07   9.6350427e-08   5.2471759e-09   4.3944317e-09   2.5387917e-09
   2.9790490e-05   1.1196001e-05   2.8290170e-06   4.0915222e-06   8.6935800e-07   2.0442771e-09   7.7666475e-08   2.0863373e-09   6.5264354e-10   4.0617716e-10
   6.0646140e-05   1.6605038e-05   1.5720007e-05   3.7729279e-06   6.0073214e-08   0.0000000e+00   8.5858146e-09   1.1096681e-10   0.0000000e+00   3.6652139e-10
   3.3540776e-07   2.0598381e-07   9.6232565e-08   7.2298925e-08   2.2443671e-09   1.5420493e-09   1.2488311e-09   3.4874760e-10   2.1816327e-10   2.7783207e-10
   3.9061760e-06   2.9842111e-06   3.2265330e-06   1.7010795e-07   5.3812930e-07   0.0000000e+00   0.0000000e+00   0.0000000e+00   8.2608869e-10   0.0000000e+00
   1.3838392e-05   5.1532508e-06   5.3006352e-06   1.5200337e-06   9.5206557e-07   4.8999492e-07   2.0382739e-10   4.0972088e-10   2.5152040e-10   0.0000000e+00
   2.2898675e-05   9.4314598e-06   6.4074752e-06   3.3050815e-06   3.6470820e-08   4.4560075e-09   0.0000000e+00   1.0805176e-10   5.3373698e-10   3.3263937e-10
   1.0804979e-06   5.9398826e-07   4.7985892e-07   1.6540645e-07   6.1200036e-08   0.0000000e+00   9.9176618e-10   3.0994763e-10   2.5212792e-12   7.1828542e-11
   3.6465244e-05   2.0037859e-05   1.4486745e-05   3.7175272e-06   4.1398057e-06   4.3135303e-07   1.6937921e-08   3.5144319e-10   7.7586229e-10   1.5251429e-10
   1.7869319e-05   6.5717356e-06   5.8117766e-06   2.7114729e-06   4.1418252e-07   1.7754705e-06   1.4274410e-07   1.1645105e-09   0.0000000e+00   4.6222446e-10
   5.3027724e-07   4.6425206e-07   8.1216276e-08   7.5708990e-08   5.1560603e-10   0.0000000e+00   9.1165338e-10   7.7892371e-10   5.2821385e-10   5.0326942e-10
   1.5559083e-05   8.0958122e-06   3.8397897e-06   2.0170021e-06   6.8612938e-07   2.2783803e-07   1.7785421e-09   1.9393897e-09   2.4156660e-09   2.1053526e-09
   3.7179596e-06   1.8992710e-06   1.2862376e-06   8.7396804e-07   5.5391927e-09   7.2764960e-09   0.0000000e+00   9.0511378e-10   0.0000000e+00   2.4065930e-10
   7.7263032e-06   6.0698379e-06   2.8364278e-06   2.6717522e-06   1.7620751e-06   2.1703381e-06   1.0226278e-07   5.8564430e-10   4.6654622e-11   4.2849590e-10
   1.0746177e-06   4.4136903e-07   5.6421078e-07   2.2818669e-08   4.4004476e-08   8.5358450e-08   6.6127328e-09   3.5689958e-10   2.7074882e-10   2.3186667e-10
   3.4372374e-07   2.1915020e-07   1.4515751e-07   1.1023284e-08   1.7179557e-08   1.6868039e-09   5.6167042e-10   2.9824599e-11   2.3360988e-10   2.1544646e-10
   5.2603632e-06   2.7713890e-06   3.3231628e-06   2.0333796e-06   1.1760080e-06   1.8278637e-07   3.1437299e-09   6.2163377e-09   3.0766091e-10   5.3141334e-10
   8.1691227e-06   4.3056444e-06   4.9293851e-07   1.5034069e-06   4.5146837e-10   3.1429476e-08   8.0562888e-10   1.2017586e-11   3.3575917e-14   4.7731567e-11
   8.6128720e-07   3.8309176e-07   3.7154982e-07   3.2016949e-07   1.2540379e-08   5.0403102e-09   2.9427819e-10   2.2965427e-10   9.1777829e-11   1.1833090e-12
   2.7757544e-05   1.1259705e-05   1.2311288e-05   5.0195059e-06   6.1346836e-07   5.3023445e-07   1.0999647e-07   6.9077067e-09   1.5869916e-09   6.2817043e-09
   2.1124458e-04   1.1740938e-04   1.8126167e-04   8.9208219e-05   1.6903245e-04   6.3127760e-05   5.1088335e-06   5.9807141e-09   5.5274576e-09   8.5611357e-10
   1.2773834e-04   4.9881574e-05   4.8175699e-05   4.4160821e-06   1.6227731e-05   1.5660272e-06   3.9918197e-08   9.2393652e-10   9.7463229e-10   1.9507373e-09
   8.5256682e-05   4.9099287e-05   4.9215759e-05   7.3764616e-06   7.9383714e-06   2.0703039e-06   4.4316357e-08   4.1604381e-10   1.7198578e-10   2.6013003e-10
   1.3300989e-05   5.8390045e-06   8.5042467e-06   5.6135582e-06   4.3032987e-07   2.3315051e-07   2.6925430e-08   4.0937698e-09   1.2691588e-09   6.7610627e-10
   3.1664701e-05   2.2236992e-05   4.1840395e-06   5.3108890e-06   1.5792620e-06   2.0951970e-08   2.6108667e-08   6.2438698e-10   0.0000000e+00   4.4344848e-10
   1.5913636e-07   1.6899786e-07   6.2121658e-08   3.6699496e-08   4.4916822e-09   9.6002335e-10   9.4026205e-10   5.2129438e-10   4.8445403e-10   1.2453315e-10
   4.0468558e-07   1.3536522e-07   1.2237055e-07   3.8167207e-08   2.7953143e-08   1.2556093e-10   1.2349039e-10   7.5472136e-11   7.5245144e-11   2.9447446e-10
   1.0659587e-05   2.1143368e-06   9.5381419e-07   4.8729443e-07   4.1348714e-07   2.1224301e-07   4.3157130e-08   9.0429662e-10   2.3803916e-10   2.3424459e-10
   3.2300059e-07   2.1767230e-08   1.2966467e-08   1.7959992e-08   1.2604622e-08   1.3186774e-08   6.4423489e-09   1.4393523e-09   0.0000000e+00   3.5628062e-10
   4.2168442e-07   2.1942334e-07   8.9821052e-08   8.2767403e-08   1.2286196e-08   0.0000000e+00   9.4094033e-10   9.5643331e-10   1.9632789e-10   6.2920014e-10
   5.3828078e-03   3.3305643e-03   4.4453555e-04   1.8111645e-03   1.8466255e-06   3.9701292e-04   1.2528984e-04   1.6418808e-07   2.5289237e-10   3.3291752e-10
   3.8489123e-05   2.2716668e-05   2.1195908e-05   5.9259762e-07   5.9848443e-08   1.4730703e-08   2.1106050e-09   6.2928052e-10   7.1410702e-10   7.9890546e-10
   1.0719108e-03   4.3582170e-04   4.3561532e-04   4.0554564e-04   3.7069097e-05   1.1251988e-07   3.6587007e-07   5.9044166e-10   2.7393787e-12   1.3628937e-10
   1.4075502e-04   1.0111217e-04   3.8315303e-05   5.1271937e-06   1.4950509e-06   1.2251213e-07   3.4474211e-08   9.8503695e-10   7.5675134e-10   1.7247721e-10
   6.1681145e-06   2.2333674e-06   3.8007763e-08   2.7812558e-07   4.8420483e-08   0.0000000e+00   0.0000000e+00   2.7961851e-10   0.0000000e+00   0.0000000e+00
   1.9663236e-03   3.6009437e-03   2.9163589e-03   6.5363246e-04   1.0743089e-04   2.4203742e-06   1.8343841e-08   1.5416396e-09   2.3299996e-10   4.8307280e-10
   5.4697876e-04   2.6204694e-04   2.3348229e-04   2.4611163e-04   5.8491132e-05   8.7404964e-09   5.3423334e-07   2.7247316e-09   0.0000000e+00   6.9331352e-10
   3.2622558e-07   1.4903311e-07   5.1988684e-08   2.5749516e-09   3.8117805e-08   2.0184023e-08   2.1231992e-09   2.2983153e-10   3.1462390e-10   6.7425949e-11
   3.7550935e-06   9.9394231e-07   3.5802059e-07   2.6825058e-06   1.6008008e-06   6.7281627e-07   4.2416338e-08   1.0008474e-08   1.1156520e-09   1.5536695e-09
   1.9170170e-06   1.4087976e-06   3.0363928e-07   3.0866340e-07   6.2072476e-08   4.5918626e-09   2.7440021e-09   3.5653794e-10   1.2264398e-11   3.9839920e-10
   1.4644480e-06   1.3974146e-06   1.3900292e-06   5.4027899e-07   4.9658386e-08   1.3702450e-08   0.0000000e+00   0.0000000e+00   3.4414354e-10   1.6162007e-10
   2.0505613e-05   1.0301095e-05   5.5096446e-06   4.6764468e-06   7.7268496e-06   2.4604835e-07   2.5181554e-07   5.8379613e-09   1.5934028e-11   1.2643658e-10
   6.9287951e-06   3.9744429e-06   2.9978875e-06   1.2684971e-06   1.5510644e-06   2.4847962e-07   8.9601509e-11   2.5644357e-07   1.3255133e-09   1.7453147e-09
   3.2792282e-04   1.8476197e-04   1.9827276e-04   1.2287259e-04   8.0329410e-05   1.7977640e-05   2.5861008e-05   9.6521021e-08   6.4986532e-10   7.6281541e-10
   7.5868675e-06   6.8503192e-06   2.9333545e-06   1.5501623e-06   2.1905768e-07   3.9826353e-08   4.0899279e-09   7.5119440e-11   0.0000000e+00   5.7629759e-11
   3.0277933e-06   1.9873892e-06   2.6016081e-06   6.8436858e-07   1.5850262e-06   0.0000000e+00   9.7142809e-07   3.7781683e-09   9.1986103e-11   2.2885016e-10
   6.2994795e-06   2.5950132e-06   9.7236959e-07   4.0059496e-07   5.0516498e-08   3.8328677e-08   4.8159430e-09   1.2159607e-09   4.5339825e-11   6.1888447e-10
   1.5412029e-06   1.1642831e-06   7.7127542e-07   5.1058686e-07   8.7129239e-08   1.2866452e-08   5.2788680e-09   8.4831030e-10   3.2324363e-09   2.9292922e-10
   5.4418135e-06   4.5612042e-06   1.5850672e-06   8.5571886e-07   2.6842159e-07   5.8918692e-08   7.9397631e-09   4.1581698e-09   1.3448085e-08   6.9244290e-09
   9.1852938e-06   9.3829955e-06   3.7621814e-06   1.5676703e-06   1.0206093e-06   5.8864461e-08   0.0000000e+00   3.3540901e-10   1.5928926e-10   1.4934036e-10
   6.3451923e-06   4.4586280e-06   1.8895922e-06   2.0982767e-06   1.0850969e-06   3.1094705e-07   2.5083072e-09   2.1001053e-11   5.3919858e-10   1.1055722e-10
   5.5696858e-07   4.5867151e-07   4.6974784e-07   4.3907234e-08   9.2320700e-09   1.0639656e-09   5.4041985e-10   7.6233499e-10   1.3741791e-10   1.8069552e-10
   2.7417166e-07   3.4957543e-07   2.2251710e-07   5.1834232e-07   2.1522496e-07   1.8492849e-08   1.3637558e-09   1.5942594e-10   0.0000000e+00   2.0896825e-11
   3.3428211e-07   2.4464629e-07   1.3781381e-07   4.0457151e-08   5.3662177e-08   1.0650697e-08   3.6289414e-10   2.9451639e-10   1.7704721e-10   4.6585468e-10
   7.6552786e-08   5.4283140e-08   3.2935540e-08   1.4101590e-08   8.2705680e-09   9.8923700e-10   0.0000000e+00   0.0000000e+00   0.0000000e+00   6.2751566e-11
   1.5524625e-06   2.8973841e-07   2.9899030e-07   2.4877595e-07   1.7916034e-07   3.1595382e-08   3.6089003e-10   0.0000000e+00   4.3783608e-11   0.0000000e+00
   4.2943949e-03   2.8580905e-03   6.6940639e-04   3.1799639e-04   7.9104639e-05   1.9023630e-06   7.9311058e-08   1.7261510e-10   9.0114009e-11   0.0000000e+00
   4.5766082e-05   1.5133294e-05   4.3086718e-06   1.3726877e-06   1.9015845e-07   2.5460889e-07   4.2953406e-11   1.2007765e-09   4.3478283e-11   1.7026669e-13
   3.6049721e-07   3.0847087e-07   2.3679819e-07   7.8743544e-08   1.1588158e-08   2.0132732e-09   5.2621982e-10   2.1145511e-10   9.0956788e-11   7.7967010e-10
   2.5736213e-04   2.2380273e-04   1.6046953e-04   3.3802781e-05   1.3531984e-05   1.3299678e-05   3.7088209e-07   2.0377543e-09   4.4600101e-09   3.5766924e-10
   6.4965267e-06   3.5803302e-06   1.1930474e-06   5.7808477e-06   3.2701959e-07   4.0471197e-07   1.6175400e-08   0.0000000e+00   4.3898237e-11   1.9884538e-10
   1.0204493e-06   5.8580122e-07   3.1122515e-07   2.1573116e-07   6.6263734e-08   7.9274468e-08   3.6102470e-10   0.0000000e+00   2.2632893e-11   0.0000000e+00
   4.0993267e-04   1.7817057e-04   1.0863796e-04   3.4057052e-05   9.6771036e-05   1.1032342e-04   2.0014395e-05   5.6952170e-07   7.3630603e-09   2.2231502e-09
   3.3147038e-07   2.0001166e-07   9.8246069e-08   1.3298241e-08   3.7966333e-08   1.4610731e-09   9.2598554e-12   1.9316251e-10   2.4714679e-10   4.2625834e-10
   2.2204326e-06   3.7348282e-06   2.0385301e-06   7.2691537e-07   3.1173026e-07   8.4696670e-08   7.4438531e-09   1.5269076e-09   2.6862192e-10   5.2461486e-10
   4.2463321e-05   2.5313661e-05   5.5500359e-06   2.1775718e-06   1.3519389e-07   1.4560718e-08   1.1260714e-08   2.1169119e-09   1.4114175e-09   7.6477693e-10
   3.0768043e-08   1.5775501e-08   1.0884976e-08   2.1597569e-09   1.3791602e-09   5.2381150e-10   8.2062772e-10   0.0000000e+00   7.3109476e-10   0.0000000e+00
   6.2782629e-06   4.4544184e-06   2.2234057e-06   1.8821984e-06   2.2325553e-07   5.6827105e-08   7.4425678e-10   5.3463355e-11   2.3574359e-11   0.0000000e+00
   6.9475512e-07   3.7344683e-07   2.7848928e-07   1.8219323e-07   3.4999551e-08   2.4228455e-09   1.3131577e-11   1.7800035e-11   2.9686869e-11   1.3833651e-12
   3.0189918e-06   2.5754504e-06   8.8692548e-07   1.6719230e-06   1.3851371e-08   4.0292839e-08   1.3206766e-08   6.4257930e-10   1.0925424e-09   4.8359695e-10
   2.4229043e-07   1.4246219e-07   4.8592082e-08   1.8126236e-07   4.7529094e-08   2.3727316e-08   1.8954281e-10   0.0000000e+00   8.6933642e-11   1.5133546e-10
   1.7802480e-07   2.2449089e-07   4.5097710e-08   6.2169582e-10   9.3162438e-08   0.0000000e+00   0.0000000e+00   1.7460665e-10   6.0740576e-11   1.5990308e-09
   3.1873077e-08   3.0621135e-08   1.0278606e-08   7.4005353e-09   2.6596901e-09   6.8455950e-10   3.7574978e-10   4.1181353e-10   5.9008217e-10   1.7242184e-10
   6.7547548e-05   4.7835023e-05   2.0152560e-05   5.7872324e-06   4.5379061e-06   1.7669177e-06   1.3990355e-07   3.3509852e-10   1.1961073e-09   0.0000000e+00
   1.0157299e-05   7.5446005e-06   4.2598389e-06   2.4179845e-06   9.6510725e-07   8.7462389e-08   7.2165412e-09   3.9439601e-10   4.7052663e-10   8.2664436e-11
   3.3086528e-06   1.8644090e-06   7.7573782e-07   1.0464972e-07   1.7192583e-08   0.0000000e+00   7.8296125e-10   0.0000000e+00   2.6259080e-10   1.9668976e-10
   2.9534430e-06   2.8818432e-06   1.6445742e-06   5.7169609e-07   4.1834950e-07   6.1419828e-08   4.0413810e-09   1.4602008e-10   2.9774430e-10   2.8343224e-11
   2.3970207e-06   2.4377306e-06   8.5940382e-07   2.2304973e-07   1.4116840e-07   9.9561784e-09   3.0539494e-09   4.2479158e-10   0.0000000e+00   2.2368873e-10
   6.9492656e-06   5.0217984e-06   4.8369419e-06   3.3383643e-06   1.3241378e-07   3.7662286e-06   3.7079920e-07   2.0436517e-08   6.1508795e-10   1.3465786e-09
   9.5134752e-05   6.0212643e-05   2.4742358e-05   2.5241943e-05   1.6637378e-06   1.4295687e-06   0.0000000e+00   3.8400752e-09   2.7012897e-09   2.4556061e-09
   5.9014277e-07   9.3654997e-07   2.5952551e-07   2.2408476e-07   6.8004490e-08   3.1095978e-09   8.8981926e-10   2.9522257e-10   6.2155893e-10   2.9951784e-10
   3.5891579e-05   2.7899032e-05   7.6318155e-06   5.2572081e-06   3.1589082e-06   7.5194653e-07   1.1910098e-07   4.3627149e-11   6.9473803e-10   2.2613229e-11
   2.3210451e-05   1.1821562e-05   1.0274175e-05   3.2331275e-06   3.0955980e-06   2.0614772e-07   1.6782877e-07   9.8956268e-10   1.4064984e-09   1.9273091e-09
   4.4925459e-06   2.4949624e-06   9.3262651e-07   3.3308625e-07   2.4961860e-07   1.5030228e-08   0.0000000e+00   2.1219314e-10   1.3400392e-10   1.5163735e-09
   2.6559725e-05   1.1498911e-05   4.5427554e-06   1.7315542e-06   1.2198762e-07   1.1263076e-08   4.8676576e-09   4.5166676e-10   9.8075365e-10   8.4602416e-10
   1.4368224e-04   1.2315846e-04   5.9440776e-05   2.3551762e-05   1.2505963e-05   3.1723200e-07   7.9953802e-08   3.5136063e-09   2.6021133e-09   2.9372662e-09
   2.6413963e-07   7.0628946e-08   6.3589476e-08   7.8754963e-08   1.7707729e-08   3.6239804e-08   9.3723779e-09   1.2565773e-09   1.1021755e-09   0.0000000e+00
   2.4754090e-06   1.5455673e-06   8.2744370e-07   2.2783266e-07   1.6739468e-08   3.7773683e-09   2.1018497e-09   2.5713241e-11   2.5029901e-10   6.5864428e-10
   3.3014266e-07   1.3006669e-07   1.5135350e-07   6.3666674e-08   3.3994580e-08   2.0027094e-08   7.8184342e-10   5.5112551e-10   8.4037853e-10   7.9800338e-10
   5.0434935e-08   2.2916274e-08   3.1493910e-08   9.8417280e-09   1.9622258e-09   2.4916035e-09   6.2876338e-10   5.0463903e-12   0.0000000e+00   0.0000000e+00
   3.9768211e-07   4.2697335e-07   2.2290329e-07   9.4371739e-08   6.3264607e-08   2.7125845e-08   2.5916810e-08   5.5083369e-10   5.9457825e-10   2.5769028e-10
   1.1848588e-07   2.0192338e-07   4.1178206e-08   8.0684983e-08   9.4629797e-10   6.2852422e-12   1.2330121e-09   1.5692051e-10   1.2682986e-11   4.5147729e-12
   6.7887791e-05   1.7975090e-06   0.0000000e+00   3.0779554e-06   1.0354441e-06   0.0000000e+00   4.5833182e-07   3.0451190e-09   4.2896517e-09   1.0217907e-09
   3.3366583e-05   2.3408043e-05   3.9464515e-07   2.8932407e-06   1.6227209e-06   9.6622616e-08   2.7563951e-10   8.4325780e-11   9.2754336e-10   0.0000000e+00
   6.7644744e-08   5.7913727e-08   3.1162900e-09   1.8799173e-08   3.7344710e-10   9.7169333e-09   3.1812895e-09   2.5641701e-10   1.4904256e-10   7.6551296e-10
   3.1487418e-07   1.7576120e-07   1.6569012e-07   1.3047630e-07   3.1027382e-08   0.0000000e+00   2.1500461e-09   9.1304755e-11   3.8124512e-10   4.3047605e-10
   4.2052806e-03   2.6007335e-03   2.4943948e-03   5.3522457e-04   2.7222899e-04   1.9705724e-05   3.1150391e-07   1.9994725e-12   2.4060869e-09   3.0442120e-09
   1.5727766e-07   1.0105995e-07   5.4166717e-08   4.4714852e-08   1.1895815e-08   2.9705200e-10   1.8206858e-11   7.4540824e-12   8.2309607e-11   0.0000000e+00
   8.4711306e-06   4.0609114e-06   3.3487418e-06   4.6461757e-07   9.2155962e-07   1.6724202e-07   1.2986870e-07   2.5046026e-08   1.4306969e-09   5.3627672e-09
   2.7972718e-05   1.5681177e-05   5.8732918e-06   1.4360378e-06   1.0758265e-07   3.7420382e-09   9.8063870e-11   0.0000000e+00   5.3203396e-12   4.4959477e-11
   1.4010136e-06   1.8845418e-06   3.5541283e-07   3.0778916e-07   2.1991419e-07   3.4093057e-07   0.0000000e+00   4.5389486e-10   6.4573291e-11   3.7610542e-10
   6.8048712e-09   0.0000000e+00   0.0000000e+00   4.9609291e-09   0.0000000e+00   1.0900003e-08   7.4864749e-09   3.7986588e-10   9.6737647e-11   1.1144832e-10
   9.5154780e-04   8.5862231e-04   8.2057205e-04   6.8224235e-05   3.0154394e-05   6.0874607e-07   4.8268493e-08   1.8673716e-09   2.6155713e-09   3.1946319e-09
   3.8962947e-07   1.8119777e-07   1.1901708e-07   1.7923907e-08   1.7023305e-08   1.2990922e-09   1.1460181e-10   1.4774005e-10   1.1347600e-09   3.7365873e-10
   3.5654736e-07   5.1447736e-07   1.7516037e-07   3.5113722e-07   3.5693918e-09   2.3230742e-09   5.4579679e-10   2.0596454e-10   2.3310422e-10   1.7374591e-10
   2.5901412e-09   4.5995140e-09   2.2357107e-08   2.8245619e-08   6.6018133e-09   2.2298633e-11   8.2229358e-10   9.9083577e-11   3.7883584e-10   9.4270066e-11
   8.1132596e-08   2.1616120e-07   3.0289690e-08   8.8574579e-09   2.9095220e-08   5.4076309e-09   1.1241594e-09   5.5020993e-11   2.8922900e-10   2.4345868e-10
   4.0628258e-06   3.2701614e-06   3.1116792e-06   4.9632843e-07   8.2438821e-08   8.3846924e-09   2.9058057e-09   4.7406289e-11   1.0856889e-10   2.1872309e-11
   2.3229639e-05   1.1030213e-05   1.1318742e-05   5.4298624e-06   5.5579770e-06   1.1537034e-06   5.9109430e-09   4.0183798e-10   5.6001587e-10   3.7201895e-10
   1.8018002e-06   1.5190611e-06   5.5436029e-07   1.6463023e-07   4.7557269e-08   9.6295057e-09   2.7066118e-10   1.1598761e-09   2.0054314e-10   3.2369630e-11
   3.3462182e-07   2.4559113e-07   2.8989260e-07   1.6168686e-07   8.2863357e-09   7.4570282e-09   4.1138953e-10   2.5159831e-09   1.4157646e-09   0.0000000e+00
   1.5037442e-05   7.4337737e-06   1.0331911e-05   2.8761656e-06   4.6986664e-06   1.0650552e-06   5.4003789e-07   4.4840946e-09   0.0000000e+00   0.0000000e+00
   4.1708533e-06   2.5606003e-06   1.1085238e-06   1.7869623e-06   1.2550931e-06   7.5621012e-08   3.7077538e-08   4.8066534e-11   3.4577367e-10   1.1007939e-10
   2.3697505e-05   1.5532919e-05   8.4484046e-06   3.6166151e-06   1.3423186e-06   3.7720785e-07   3.9078337e-08   3.4440472e-10   3.4195208e-11   1.0046134e-10
   8.7104287e-07   3.4772201e-07   4.3791577e-07   1.7885614e-07   1.6512393e-07   0.0000000e+00   1.9724570e-07   3.8030855e-09   6.7737406e-10   2.7423476e-10
   1.3076159e-07   6.1196094e-08   1.2224630e-07   1.9560994e-07   5.2778935e-08   3.7846268e-09   3.2841567e-09   1.0473803e-09   3.0765611e-09   2.0303056e-10
   1.3283010e-06   5.3216706e-07   7.1337942e-07   1.3788937e-07   1.4139515e-07   2.2781542e-08   3.1315324e-09   1.3740857e-09   6.9301690e-10   1.2560724e-09
   6.6023508e-08   1.1098524e-07   1.1522982e-07   3.9243428e-08   2.8515146e-08   7.8982810e-10   3.4676171e-10   3.7104012e-10   2.5256671e-10   1.4971570e-10
   2.2932137e-07   2.7243145e-07   1.9335911e-07   7.0706876e-08   9.1329748e-08   6.9905930e-09   3.7033075e-09   4.1864198e-10   2.3198684e-14   5.7783552e-11
   1.8222178e-08   9.0275788e-09   7.6723992e-09   2.7633974e-09   4.4454099e-09   6.2386909e-11   0.0000000e+00   1.9722959e-10   3.5357536e-11   1.3221919e-10
   2.6255576e-05   1.3252712e-05   4.2731883e-06   1.3930618e-05   1.3567610e-06   3.8132527e-07   4.5614535e-09   1.1029865e-10   1.9542878e-10   1.3862690e-10
   1.0510812e-08   1.1556529e-07   1.3560375e-07   1.0714179e-07   8.2629048e-08   3.0019701e-08   5.3402459e-09   1.4120674e-09   1.9895184e-11   1.2857781e-10
   6.4646522e-07   2.4990616e-07   5.5879476e-07   2.3639233e-07   2.6510047e-09   1.9290874e-08   1.2100195e-09   4.1207457e-10   2.7328179e-10   5.5900232e-10
   7.2898380e-06   4.1073295e-06   4.2952036e-06   2.7072877e-06   4.9809127e-07   8.0960051e-08   3.0614770e-08   0.0000000e+00   3.3201783e-12   3.1143010e-09
   5.0942041e-05   2.4973067e-05   3.6542705e-05   2.3653021e-05   2.4305119e-06   6.6889538e-08   0.0000000e+00   0.0000000e+00   1.0859163e-10   0.0000000e+00
   3.3174435e-07   1.1845063e-07   1.4050112e-07   2.1217749e-08   3.6207619e-08   0.0000000e+00   8.7815776e-09   6.0754024e-10   8.7116578e-10   7.7957411e-10
   1.4470579e-05   3.0765244e-06   4.7924064e-06   3.5286372e-06   1.7917746e-07   1.5623534e-09   0.0000000e+00   1.2967686e-10   3.1867008e-10   1.1589639e-10
   1.1446506e-06   3.9355678e-07   9.1741425e-07   3.0411850e-07   5.7375815e-08   2.1584668e-08   2.0660253e-09   4.4209175e-10   2.3809695e-10   6.5399088e-11
   2.7567524e-07   1.4842478e-07   7.0507285e-08   7.7596525e-08   5.5689359e-08   2.3639706e-08   4.8704654e-10   3.3380442e-10   1.2855257e-11   7.8094175e-11
   8.9308813e-06   5.4877106e-06   7.3863661e-06   3.6924890e-06   6.0482542e-07   5.2102617e-07   4.1754486e-07   2.5248629e-09   8.9964211e-11   1.1174983e-10
   9.1177770e-07   8.8749029e-07   4.0776547e-07   4.8139876e-08   5.0459331e-08   8.9158802e-09   1.0051191e-08   6.7786117e-10   9.8729801e-11   3.1354589e-10
   1.4272878e-05   5.8540427e-06   1.1451100e-05   1.5054664e-05   1.9144985e-06   2.9860756e-07   3.0740691e-12   7.3805815e-10   5.9772639e-10   3.3885450e-10
   8.5754498e-07   1.9419867e-07   1.0570089e-06   4.3234932e-07   1.1974716e-06   0.0000000e+00   2.9720083e-08   1.7689036e-09   0.0000000e+00   4.1336648e-11
   3.0421011e-07   7.5986609e-07   3.5203828e-07   1.9994587e-07   6.4293294e-08   5.2206042e-08   1.2108837e-08   1.2269587e-09   3.0228058e-11   0.0000000e+00
   3.9718425e-06   2.1134728e-06   1.1511652e-06   1.4667020e-06   7.4180901e-07   1.6041099e-07   3.8290868e-09   5.5140012e-10   3.4349595e-10   1.2517252e-10
   1.2391249e-06   1.7883448e-06   8.4990307e-07   2.4619946e-06   6.6995534e-07   9.0753308e-07   6.2439111e-08   2.3735741e-09   4.4254623e-11   2.8713697e-10
   2.1458410e-08   0.0000000e+00   5.6819651e-09   4.6372854e-10   0.0000000e+00   5.7849808e-09   0.0000000e+00   0.0000000e+00   8.6259738e-10   0.0000000e+00
   8.1158824e-08   3.7784213e-08   3.7888999e-08   1.3588899e-08   4.5665949e-08   5.1338039e-09   3.1590291e-10   1.1917940e-12   7.2418933e-11   7.7012617e-11
   4.6511250e-07   3.3530959e-07   3.4962739e-07   2.9851525e-07   1.2891329e-07   7.5559330e-08   3.9929862e-08   1.4408353e-10   0.0000000e+00   8.2142108e-11
   3.2515769e-10   3.4309619e-09   1.1149283e-08   4.9851239e-09   4.3827838e-09   8.4565663e-10   5.0626541e-10   1.9990452e-10   0.0000000e+00   4.3492431e-11
   0.0000000e+00   0.0000000e+00   4.9895260e-10   0.0000000e+00   2.5192250e-10   0.0000000e+00   1.8722855e-10   3.2413702e-11   4.6103261e-10   1.0631377e-10
   9.2177749e-11   2.8793881e-10   2.4579539e-11   1.5697893e-10   1.6874654e-10   3.3475114e-11   0.0000000e+00   3.8248792e-11   7.0244903e-11   1.0640899e-11
   0.0000000e+00   0.0000000e+00   0.0000000e+00   0.0000000e+00   0.0000000e+00   0.0000000e+00   0.0000000e+00   9.2384595e-09   0.0000000e+00   7.3988009e-09
   0.0000000e+00   0.0000000e+00   0.0000000e+00   0.0000000e+00   0.0000000e+00   0.0000000e+00   0.0000000e+00   0.0000000e+00   0.0000000e+00   0.0000000e+00
   0.0000000e+00   0.0000000e+00   0.0000000e+00   0.0000000e+00   0.0000000e+00   0.0000000e+00   0.0000000e+00   0.0000000e+00   0.0000000e+00   0.0000000e+00
