   2.9933709e-06   8.2929330e-07   1.1863157e-06   5.8662206e-07   9.3304203e-08   1.2894847e-07   1.7544193e-08   1.9400435e-09   3.2845427e-09   8.5724736e-09
   1.5109069e-06   1.8388630e-06   5.8345745e-07   4.6754436e-07   8.1500155e-08   6.7884688e-08   1.2761512e-08   3.2024720e-09   2.2489545e-09   3.2406397e-09
   2.9060725e-04   1.1727290e-04   3.6994253e-05   6.1355162e-05   8.0389090e-06   0.0000000e+00   3.6033838e-07   5.3518991e-09   4.5878986e-09   2.7476636e-10
   2.3469681e-05   9.5166202e-06   5.5768581e-06   1.3847603e-06   1.9789379e-06   5.0961391e-07   1.9929251e-08   1.4676013e-09   6.4027032e-10   4.5483188e-09
   3.4449297e-03   1.3334016e-03   2.6080541e-04   1.0108889e-04   4.1681862e-04   1.1512074e-05   3.6103103e-08   3.6501680e-09   4.4516260e-09   3.0388047e-09
   1.1788071e-05   1.4601748e-05   1.8427776e-06   3.8196738e-06   8.4097223e-07   3.8931060e-08   2.8860582e-09   9.5987258e-08   1.3679903e-08   4.4950322e-10
   1.0802273e-05   5.5959420e-06   3.6613422e-06   2.1241281e-06   5.6904061e-07   2.4134548e-07   1.6634651e-08   2.7692495e-09   0.0000000e+00   1.1736296e-09
   1.8438966e-06   1.1989511e-06   7.4611845e-07   5.3091330e-07   2.8375714e-08   1.3876255e-09   6.4350105e-10   1.2559543e-09   3.3065686e-10   7.4338685e-10
   4.3605269e-05   3.4254168e-05   1.6079799e-05   7.9768377e-06   4.3471104e-06   7.3315989e-07   4.7470718e-08   3.0750144e-09   3.6949194e-09   1.6406886e-09
   1.3881286e-06   3.1739704e-06   5.1665800e-06   1.3293762e-06   0.0000000e+00   2.0843172e-06   1.5356907e-07   6.8282975e-10   0.0000000e+00   7.0223372e-09
   7.9592833e-05   1.5679099e-04   1.5231933e-04   6.3055148e-05   2.4039228e-04   2.3662058e-06   8.1534518e-07   7.6763055e-08   2.4537309e-09   1.0042359e-09
   2.0812812e-04   1.9027480e-04   2.0661336e-04   7.5073455e-05   5.1926579e-05   1.2948584e-05   1.7757147e-06   0.0000000e+00   2.0045151e-09   0.0000000e+00
   1.4931204e-04   1.0148071e-04   4.9559599e-05   1.2885803e-05   2.4791289e-05   1.3664564e-06   1.4170368e-07   1.6201685e-10   1.7995186e-09   1.7371054e-09
   5.8719671e-07   3.3249416e-07   2.5894729e-07   9.3962247e-08   2.6137753e-08   1.4948279e-08   4.6138539e-09   2.2329373e-09   5.0212737e-09   2.6742417e-09
   4.2687554e-04   2.9596714e-04   2.0170740e-04   1.9366092e-04   1.3654570e-04   1.0635372e-05   3.8050755e-08   2.0096898e-08   1.8536592e-08   1.1259611e-08
   3.4792704e-05   5.1838244e-05   5.3426949e-05   3.0208302e-05   4.8887355e-05   1.8656171e-06   3.2132632e-07   6.9912787e-09   6.4449539e-11   5.9695530e-10
   3.0847805e-04   1.8584556e-04   4.0206452e-04   2.1826945e-05   6.0485874e-04   6.7547016e-06   3.5492022e-07   1.5194474e-08   7.0543321e-09   1.6646874e-10
   1.0401056e-05   2.5527102e-06   1.3464811e-06   1.0259384e-06   3.7069401e-07   2.4603747e-06   2.4986241e-06   5.7637223e-08   1.9809093e-09   2.0759555e-09
   2.5529247e-05   1.0598389e-05   1.1365828e-05   9.6977845e-06   5.1796102e-07   1.8164265e-07   2.1525417e-08   1.3301095e-08   3.3477582e-09   5.1328904e-09
   3.3447563e-05   2.7973701e-05   1.3631444e-05   0.0000000e+00   5.7708860e-06   6.2924583e-07   9.3601040e-09   1.1415297e-09   8.8145755e-10   1.2787195e-10
   1.6078757e-03   4.9037342e-04   4.5529865e-04   6.7793258e-05   4.5103156e-05   0.0000000e+00   5.5343551e-10   2.4397119e-09   1.2148297e-08   1.8525351e-10
   6.9373043e-05   6.4586063e-05   5.7021032e-05   8.0839020e-06   1.2988285e-05   8.4686198e-07   2.9928023e-08   2.0682320e-08   2.3436832e-09   1.9127269e-09
   4.3915420e-05   1.1440711e-05   0.0000000e+00   0.0000000e+00   2.0092741e-07   0.0000000e+00   1.0693241e-06   6.4089946e-09   4.8633459e-10   1.6798614e-11
   1.7820441e-05   8.8223601e-06   5.3307077e-06   1.7847596e-06   4.6437742e-07   1.5342773e-07   8.0438122e-08   3.6227427e-09   1.1351324e-09   4.0349554e-10
   8.7918250e-04   5.4945499e-04   3.5421932e-04   5.8490079e-05   8.5744920e-05   1.3402307e-09   0.0000000e+00   0.0000000e+00   1.5665402e-09   3.5515657e-09
   4.1575811e-06   1.6625408e-06   1.0192597e-06   5.9610410e-07   3.2085741e-07   7.8831100e-08   3.8198360e-08   1.8644356e-09   2.2823429e-09   3.9960763e-09
   2.0002756e-05   1.1551150e-05   7.9702842e-06   2.7159777e-06   2.4358778e-06   3.5192960e-07   1.1139110e-08   0.0000000e+00   3.7093316e-09   1.6906240e-10
   1.2913716e-04   7.9282965e-05   7.1873832e-05   4.8985229e-05   1.0254074e-05   1.2219908e-06   3.9558004e-08   0.0000000e+00   3.2743060e-09   5.4299599e-09
   5.7451559e-05   3.7398547e-05   2.8956305e-05   2.0750837e-05   4.4432598e-06   7.3014415e-07   1.4180478e-08   2.2393539e-09   4.9708475e-09   5.3071710e-09
   5.7088787e-06   4.5616702e-06   2.0769073e-06   1.5726343e-06   2.0109563e-07   5.3018133e-08   1.2660130e-08   5.7770630e-09   3.4068681e-09   1.8618906e-09
   4.2759383e-05   4.0465849e-05   1.3885958e-05   1.3022134e-05   0.0000000e+00   2.4237268e-07   7.5364521e-07   1.1485486e-07   1.5517038e-08   2.0053259e-09
   1.2150836e-06   1.0156825e-06   4.9593722e-07   1.5498030e-07   4.4501584e-08   9.8418230e-09   1.5126481e-09   8.5473279e-10   2.9523727e-10   6.8629376e-10
   6.2231207e-05   2.6831220e-05   2.3935309e-05   1.3850114e-05   7.2245708e-07   4.0135929e-07   1.8846212e-07   2.8616099e-09   1.0208704e-10   7.3818842e-09
   1.5838247e-04   1.0833116e-04   7.6789371e-05   4.4453164e-05   3.2981764e-05   3.3401398e-06   2.6902740e-07   1.0527262e-07   1.5176822e-09   1.2465573e-09
   3.0618431e-05   1.3554155e-05   1.1472318e-05   4.9185503e-06   1.5662413e-06   3.5680076e-07   2.0557721e-07   5.3056722e-09   4.2502413e-09   5.7074152e-09
   4.6741213e-06   5.7815865e-06   4.1611095e-06   4.1104865e-07   1.0032236e-06   7.9020603e-08   3.8960415e-09   0.0000000e+00   2.0048224e-09   5.2107216e-09
   9.7707021e-07   1.0585636e-06   1.0199165e-06   3.3412928e-07   4.2015035e-07   6.3103642e-08   5.5993010e-09   6.6456153e-09   4.5643330e-09   6.5113752e-09
   1.9611399e-05   1.2671600e-05   9.2015300e-06   5.2062712e-06   1.4788527e-06   9.5577994e-08   0.0000000e+00   1.4250988e-08   1.6147300e-09   1.3450592e-09
   5.2190363e-05   3.7355291e-05   2.2670119e-05   1.9603700e-05   2.8704415e-06   1.6948222e-07   8.2011629e-08   6.5760767e-09   4.5258786e-10   6.2601682e-10
   7.1838742e-05   5.6917647e-05   6.0167774e-05   4.4479276e-05   6.1651595e-05   1.7020620e-05   2.3225645e-07   4.3951406e-08   1.8713600e-08   1.0203645e-08
   6.6484985e-05   3.8755333e-05   4.6119692e-05   3.7969549e-05   1.7060627e-05   1.9565079e-05   1.3756321e-07   3.6771086e-09   3.0665919e-09   1.0188647e-09
   1.1586661e-05   1.7919853e-05   8.7619272e-06   7.8144612e-06   5.5134358e-06   2.9382776e-06   9.8965012e-07   2.8752482e-09   1.7022172e-08   1.7302069e-08
   8.1984079e-07   5.2236130e-07   1.2125181e-07   9.1414481e-08   2.4930416e-08   6.3175617e-09   9.7098530e-09   5.6397526e-09   2.3538922e-09   2.7150179e-09
   1.8906349e-05   1.2625251e-05   1.3376432e-05   1.2876203e-05   1.4186813e-06   1.2134902e-06   2.5453566e-07   1.1574190e-08   5.2071174e-10   6.8288858e-10
   2.7595129e-05   2.1395414e-05   1.6664634e-05   1.3750886e-05   5.7856724e-06   1.2386477e-06   1.7144065e-07   1.5470177e-09   6.9859002e-10   1.3039920e-09
   3.5621745e-04   1.7110843e-04   1.2796858e-04   5.7474520e-05   2.6594323e-05   8.8353860e-06   7.1750242e-06   9.1878650e-08   4.0569279e-09   1.2950660e-09
   4.3670048e-05   2.5368102e-05   1.2122575e-05   2.8656929e-06   5.1867797e-07   2.4854720e-07   9.9697329e-08   5.0669893e-09   4.3886881e-10   3.7295940e-09
   7.8044526e-06   7.3050929e-06   6.1526863e-06   2.9360711e-06   3.7943401e-06   9.2281572e-08   4.0511884e-08   8.1525669e-09   9.8390862e-09   1.2346888e-08
   2.1912216e-05   1.6827937e-05   9.0361417e-06   0.0000000e+00   1.8255919e-06   6.4907455e-07   3.8709623e-08   1.3998379e-09   4.7892948e-10   1.1824206e-09
   9.1850233e-05   9.8886039e-05   1.2112743e-04   1.1320897e-04   1.2466236e-05   9.3943143e-05   5.3863427e-07   1.1770323e-07   5.0044847e-09   1.1789951e-08
   5.1087122e-07   1.2313458e-06   1.1317388e-07   2.9578820e-08   0.0000000e+00   0.0000000e+00   1.7165558e-08   1.8512938e-11   1.8145376e-09   1.4764743e-10
   1.2925338e-05   7.9487180e-06   5.2032835e-06   1.9695422e-06   1.9795796e-07   1.8868351e-07   1.6487846e-09   0.0000000e+00   2.3055156e-10   4.8109010e-10
   2.4154554e-06   1.9966936e-06   8.5065721e-07   6.6075284e-07   1.3773787e-07   2.2156001e-08   4.3682988e-09   0.0000000e+00   9.1155047e-10   8.3151310e-11
   7.8325155e-06   1.5946748e-06   6.7901452e-08   4.8970309e-07   1.1418471e-06   7.8554497e-07   2.2861735e-08   1.2312153e-09   1.3090684e-09   3.1167892e-09
   7.6078109e-06   6.2396821e-06   1.2410003e-06   4.4279771e-07   3.0361281e-07   2.8583405e-08   1.3865346e-09   2.5424975e-09   3.2731344e-09   3.1781123e-09
   7.3838434e-06   6.2991526e-06   3.1671601e-06   1.1236742e-06   1.7834447e-06   6.3770833e-07   0.0000000e+00   1.4692191e-08   2.3253444e-09   1.2093178e-08
   5.3022365e-07   2.4557637e-07   1.0139067e-07   7.5692850e-08   3.5048904e-10   1.8032141e-08   1.9263809e-09   3.6471652e-10   3.9665626e-10   2.2145241e-10
   1.0488096e-02   4.2775967e-03   2.7270577e-03   1.0080235e-03   2.9263040e-05   1.4253995e-04   1.2442379e-06   1.0595151e-07   2.4752133e-08   1.2365107e-08
   1.4192039e-06   9.3663698e-07   2.6967358e-07   5.5934939e-08   2.6764206e-08   0.0000000e+00   5.2142047e-09   1.8734805e-09   2.7374943e-09   4.3096708e-09
   1.4079139e-05   1.1394368e-05   1.0853144e-05   4.4118336e-06   4.3439406e-06   4.8602649e-07   7.0221239e-10   2.6530458e-09   2.0124679e-09   2.0848100e-09
   8.3593111e-06   4.5276040e-06   3.7479978e-06   9.5420444e-07   7.5113225e-07   6.6903253e-08   1.0283012e-08   1.9413423e-08   3.4850884e-09   1.4034287e-09
   2.2100050e-05   1.8850701e-05   1.4235298e-05   1.0312280e-05   1.2588776e-06   0.0000000e+00   7.4908269e-07   3.7921914e-08   6.0454516e-10   1.1112257e-09
   5.9237735e-06   3.3969228e-06   2.4895962e-06   8.2630884e-07   2.1984425e-07   1.4000303e-07   8.3626909e-09   1.4453621e-09   1.1367495e-11   1.3851636e-09
   3.6146395e-05   2.9275861e-05   2.4482508e-05   7.0374841e-06   8.6631221e-06   3.3253414e-06   7.4485774e-08   2.2777128e-09   6.4801421e-10   2.1321344e-08
   5.1370233e-06   4.6006273e-06   1.2993544e-06   2.2185836e-06   1.5465435e-07   1.0796926e-06   5.1603005e-10   1.6673228e-09   0.0000000e+00   9.6135011e-10
   1.3715121e-03   1.1645983e-03   7.5673052e-04   3.5572751e-04   9.5037046e-05   5.6744928e-05   1.0422120e-06   9.5015517e-09   2.0459736e-09   4.2757174e-09
   5.6896531e-07   7.2295409e-07   5.9298678e-07   2.2183924e-07   5.7845352e-07   4.6871983e-08   1.3978517e-08   1.6046331e-09   2.7880181e-09   4.4379868e-09
   1.7298688e-03   2.0714630e-03   8.2407509e-04   5.7334834e-04   2.0524130e-04   2.2857915e-04   3.5009510e-05   3.7644772e-07   4.6195437e-09   6.9499913e-09
   1.1535552e-05   4.1553811e-06   3.3274954e-06   2.0146317e-06   5.1903347e-07   7.8016445e-07   1.7140212e-07   2.9183287e-09   2.8973127e-09   3.8836607e-09
   1.2391741e-05   6.7712979e-06   3.4907115e-06   2.9732236e-06   4.2424849e-07   7.9384581e-10   4.2527540e-09   5.5403194e-11   4.4195219e-09   1.7060606e-09
   1.8692176e-05   1.3643029e-05   1.0340546e-05   6.9324525e-06   2.7041728e-06   1.9940251e-08   1.2282185e-07   0.0000000e+00   6.0686205e-10   1.5234646e-11
   1.4293848e-06   8.3277843e-07   2.0497758e-07   1.8656153e-07   1.8243927e-08   4.2994645e-08   2.6697447e-08   1.7742334e-09   4.2919181e-09   3.1595855e-09
   3.2401602e-06   2.2414568e-06   1.0758980e-06   3.1379493e-07   1.2331656e-07   5.6733006e-08   0.0000000e+00   4.8452429e-10   2.8386205e-09   6.4943420e-09
   3.9244974e-06   2.4444014e-06   5.6457512e-07   7.9961630e-07   3.7289512e-09   0.0000000e+00   2.0113421e-09   4.6829727e-10   2.2346393e-09   1.1586430e-09
   1.1944011e-04   5.0829381e-05   3.7764954e-05   2.4584526e-05   1.2129250e-05   8.8920666e-07   4.8267801e-08   1.2754816e-08   3.5151826e-09   1.1291309e-08
   5.9325451e-04   5.6987707e-04   3.7629581e-05   0.0000000e+00   0.0000000e+00   0.0000000e+00   2.9747492e-09   7.6556594e-09   1.4571990e-08   1.2432550e-09
   1.4337230e-06   8.0421316e-07   8.6095654e-08   2.6445873e-08   1.3234345e-09   3.1288969e-09   1.3846015e-08   3.5890840e-09   4.2310128e-09   1.9301856e-09
   1.0535786e-04   2.2011014e-06   1.9565354e-05   2.0562149e-05   0.0000000e+00   0.0000000e+00   3.0028671e-08   2.5929194e-08   5.5637668e-09   8.8234093e-09
   2.7618486e-05   2.0606994e-05   9.3671665e-06   1.2527321e-06   1.3201612e-06   1.9840383e-07   9.2387955e-09   9.5157593e-09   3.1899614e-09   4.8467023e-09
   4.6776681e-05   3.8884534e-05   1.5331573e-05   1.9692067e-05   3.3876888e-06   7.0426914e-09   1.5863183e-07   5.7370649e-09   3.6615876e-09   2.4124292e-09
   1.9651042e-05   8.6077073e-06   6.2697382e-06   8.1306252e-07   5.3966499e-06   8.4235574e-07   6.0905441e-09   0.0000000e+00   5.0383820e-09   1.0729431e-08
   2.3016621e-04   9.8357195e-05   4.9055233e-05   2.0837317e-05   2.9379968e-05   3.3288038e-06   1.0226987e-07   5.1651845e-09   3.1490540e-09   1.0898934e-09
   1.1308850e-05   8.2272223e-06   4.1983447e-06   4.0374092e-06   4.8935559e-06   1.9463347e-07   1.4934368e-08   2.6086583e-09   4.6434327e-09   5.9667102e-09
   5.0892604e-06   4.2359436e-06   3.3541137e-06   2.6664036e-07   3.6392734e-09   5.4266542e-09   8.2362449e-08   1.2806839e-08   1.1786160e-08   4.3306679e-09
   1.0647951e-05   6.1065702e-06   3.1186322e-06   1.6245425e-06   6.7000055e-07   6.7780510e-08   1.3516381e-08   6.6096787e-09   1.0723772e-09   4.6294437e-09
   6.5541875e-06   2.7613059e-06   2.6703824e-07   0.0000000e+00   1.0775718e-07   3.0904664e-07   1.4297515e-08   2.7389985e-09   1.2796830e-09   0.0000000e+00
   2.2412057e-05   4.8429578e-06   3.3708386e-06   3.2745635e-06   0.0000000e+00   1.6647672e-07   8.3079011e-09   7.8341654e-09   6.9656674e-09   6.8460909e-09
   1.7033655e-05   8.7090391e-06   7.4832434e-07   1.1487985e-06   9.7035262e-07   3.8619672e-07   2.7503037e-08   4.4270654e-09   4.2612576e-10   1.5118700e-09
   5.8742960e-06   3.8729654e-06   2.1093297e-06   8.6159807e-07   6.0789024e-08   8.9546562e-08   0.0000000e+00   3.8121650e-10   0.0000000e+00   6.8157762e-10
   2.9979363e-03   2.0841823e-03   6.9841986e-04   8.3181426e-04   5.5766065e-05   0.0000000e+00   3.7115979e-05   8.6094605e-06   4.1015742e-09   1.3898905e-09
   3.8287218e-05   1.5968885e-05   1.7020106e-05   2.5024753e-05   1.0310902e-05   7.5569297e-06   9.4546865e-07   2.3292747e-08   1.2402086e-09   3.4746482e-09
   1.6318805e-05   3.3337837e-06   6.3207799e-07   3.7386792e-07   4.2139189e-06   3.0170835e-07   1.2933332e-06   1.2690206e-08   6.0805242e-09   6.2978722e-09
   1.4756293e-02   8.4116386e-03   4.2782037e-03   1.8757250e-03   4.4429996e-03   6.4580173e-04   5.9718490e-05   1.2271327e-06   6.4091259e-09   1.2071970e-08
   3.5458733e-06   2.9458490e-06   2.1344486e-06   1.8062335e-06   4.5398247e-07   2.5412560e-08   1.3362392e-09   4.4178892e-10   2.2492798e-10   0.0000000e+00
   7.9965242e-05   5.3092522e-05   2.4529843e-05   1.1608976e-05   5.4655556e-06   9.6125986e-08   1.0624953e-08   5.7001455e-09   0.0000000e+00   2.2136264e-09
   3.8030741e-03   8.4919862e-04   2.4149475e-03   1.5033092e-04   0.0000000e+00   2.7396906e-04   1.9535457e-04   7.8260339e-06   1.5879292e-08   9.5634715e-09
   1.7568851e-05   1.1181188e-05   6.7930764e-06   2.8396993e-06   3.1889116e-06   4.3022958e-07   1.2413041e-07   6.9060489e-09   1.9186789e-09   0.0000000e+00
   1.7299311e-06   5.6515450e-07   4.7565638e-07   0.0000000e+00   1.8733600e-07   6.3442639e-08   1.0453026e-08   0.0000000e+00   0.0000000e+00   2.8415921e-09
   1.9173705e-06   1.3628618e-06   8.6462772e-07   4.8835021e-07   2.4588719e-07   1.3412163e-07   1.2645947e-08   4.0994516e-10   2.4859787e-10   8.9109960e-10
   2.5272005e-04   2.2390532e-04   1.0171964e-04   4.8311251e-05   4.3546530e-05   1.3461060e-06   4.5497793e-07   5.2731793e-07   1.4382216e-10   1.5567681e-11
   4.1648106e-05   4.1547398e-05   2.9680389e-05   1.2543231e-05   9.3190858e-06   1.0840318e-05   2.6856283e-06   3.9617845e-08   3.8949767e-09   1.9258866e-09
   3.6777484e-07   2.7911786e-07   1.9868157e-07   1.3546632e-07   2.6790199e-08   1.7639628e-08   8.0689406e-11   1.3382134e-09   5.8338281e-10   1.4001560e-10
   4.7611612e-06   2.8089349e-06   1.7514254e-06   4.0506300e-07   5.6688526e-08   4.0939365e-08   6.8457453e-10   3.8179825e-09   2.2950232e-09   5.1394566e-10
   8.2786780e-05   5.3408400e-05   2.4652270e-05   9.0279415e-06   1.3848258e-06   5.0230109e-07   5.8486214e-07   1.6449781e-07   7.3343174e-09   5.4043119e-09
   1.0159621e-05   3.8572991e-06   1.6662196e-06   3.3432889e-07   1.1576560e-07   1.0379574e-08   2.5515191e-09   4.6474557e-09   7.9456886e-10   5.0599912e-10
   7.4925283e-06   8.7331863e-07   0.0000000e+00   0.0000000e+00   0.0000000e+00   0.0000000e+00   0.0000000e+00   6.2202647e-09   8.3054837e-09   0.0000000e+00
   1.0205338e-04   5.5617984e-05   3.4585456e-05   9.7873416e-06   8.4979965e-06   6.3007401e-07   2.0618610e-08   8.2184982e-08   5.1176902e-09   1.0752117e-09
   1.9562407e-05   1.9933760e-05   1.2593883e-05   4.2953064e-06   3.8589264e-06   4.2671380e-07   1.4338006e-08   1.3658782e-10   1.6117816e-09   2.1890481e-09
   2.1239987e-06   1.5472110e-06   1.5300727e-06   7.2501865e-10   6.3708496e-08   2.4404293e-09   1.9232895e-09   3.9703123e-09   6.4591942e-10   1.5877244e-09
   3.4356367e-07   2.3922436e-07   1.7548106e-07   9.1227944e-08   5.1246101e-08   2.4026725e-08   4.7423231e-09   1.0151770e-10   4.8507043e-11   6.8502317e-11
   2.8636164e-04   1.7063758e-04   1.1965471e-04   1.1096099e-04   6.4589158e-06   1.4769038e-05   0.0000000e+00   0.0000000e+00   4.8215078e-10   0.0000000e+00
   2.0088546e-05   1.0099488e-05   5.3102251e-06   1.2572413e-06   3.8924789e-07   1.7120135e-08   2.5442048e-09   1.5115751e-09   0.0000000e+00   1.2904322e-10
   4.4040264e-05   1.5314972e-05   1.1674352e-05   4.1932498e-06   6.4394302e-06   8.5456545e-07   7.5460212e-08   8.3425725e-12   1.3943340e-08   9.2269644e-09
   3.7089276e-05   1.4130831e-05   4.2361329e-06   2.5550435e-06   6.4341780e-07   2.3083239e-08   8.9747201e-10   0.0000000e+00   3.3262837e-10   2.5507267e-10
   2.4464222e-06   1.4893327e-06   7.8203411e-07   8.4242281e-08   0.0000000e+00   3.6741465e-08   7.5212372e-09   4.8760279e-09   2.0594571e-09   0.0000000e+00
   1.0644199e-05   4.2793970e-06   3.9043164e-06   2.7088671e-06   2.3044908e-06   5.2809264e-07   5.1577587e-08   8.6006188e-09   8.4612395e-10   1.6954137e-09
   2.3864755e-06   8.8323616e-07   5.3255275e-07   1.0983026e-07   9.1480314e-08   6.6551499e-09   3.2540306e-09   3.5917768e-09   2.1452690e-09   5.9940211e-10
   8.2003077e-06   8.5711971e-06   5.5953187e-06   1.1765128e-06   2.4450019e-06   3.3530119e-07   1.0704382e-08   3.2852478e-09   2.4835688e-09   1.8257650e-09
   3.8524166e-04   3.3833145e-04   3.8510720e-04   1.1643694e-04   1.0646182e-04   2.2204272e-06   6.7652880e-07   3.6187956e-08   1.0848991e-09   1.2905077e-08
   3.3453834e-07   2.2694842e-07   3.6173923e-07   6.3568872e-08   2.4794279e-07   2.0104460e-08   4.7448226e-08   3.5672728e-08   5.8583376e-08   5.2399977e-08
   5.0206374e-03   2.0479039e-03   9.1490373e-04   5.6814032e-04   5.1859971e-04   5.8828518e-05   1.2646844e-06   0.0000000e+00   8.6121453e-10   4.0361591e-10
   8.5066002e-05   4.1111387e-05   5.5383443e-05   2.9341043e-06   8.8975333e-07   0.0000000e+00   0.0000000e+00   6.4707861e-09   3.1616550e-09   3.9944607e-09
   8.6945272e-04   6.9458465e-04   1.2914449e-04   1.5168277e-04   4.1928778e-05   5.4042632e-06   2.8615458e-07   3.3097157e-09   5.8382343e-11   2.9981729e-10
   4.8643559e-06   2.5884627e-06   1.3808915e-06   6.3947040e-07   4.5950321e-07   1.9051202e-07   1.6240741e-08   1.2491380e-09   1.2800474e-09   1.0794534e-09
   5.3381602e-05   2.6264954e-05   1.4180956e-05   8.8046740e-06   5.4750864e-06   1.4486410e-06   4.6874104e-07   2.5267295e-07   8.8354087e-10   1.5032895e-08
   3.4710330e-06   3.5699296e-06   1.8526067e-06   6.2339069e-07   1.1264993e-06   3.6479720e-07   3.7284005e-08   4.5835564e-10   0.0000000e+00   2.2751700e-09
   2.8081523e-06   3.1979184e-06   2.8775273e-06   1.3407129e-06   2.2236013e-06   1.7738600e-06   4.5803767e-06   0.0000000e+00   3.7559165e-09   1.1830820e-09
   1.1695945e-06   5.1370238e-07   1.4201703e-07   2.7608296e-07   6.4609142e-08   5.8784742e-08   2.3758386e-08   7.7774681e-09   8.7583534e-09   1.7511403e-08
   1.3101223e-03   6.5494575e-04   3.5064405e-04   1.8612810e-04   7.7159031e-05   1.9349628e-05   1.9566299e-06   3.9692837e-08   8.5173584e-09   3.0329415e-09
   9.6912821e-05   5.3820511e-05   5.4770622e-05   8.2085306e-06   2.1855623e-06   0.0000000e+00   8.4131448e-09   3.8209463e-09   1.2315613e-08   6.6362607e-09
   4.3359560e-05   3.2550519e-05   2.0462770e-05   6.0626415e-06   4.0644021e-06   2.1739026e-06   2.9523311e-07   7.3181625e-09   4.1913503e-09   0.0000000e+00
   1.5645265e-04   1.0148171e-04   3.2241368e-05   1.4494526e-05   6.0451298e-06   2.5110878e-08   6.5606537e-08   3.3516040e-07   5.1819930e-10   0.0000000e+00
   2.7984361e-06   1.5561893e-06   4.4204422e-07   3.4690832e-07   1.1471897e-07   1.6046050e-08   3.6622676e-09   2.6069477e-09   3.1006963e-09   2.3757451e-09
   2.7053938e-06   1.4243216e-06   1.0164303e-06   1.1836207e-07   2.0996211e-07   2.0608289e-09   1.8699994e-09   3.6455641e-09   3.0351330e-09   4.3987496e-09
   9.6011740e-05   2.2377127e-05   8.8612397e-06   2.3832172e-05   5.7369238e-06   3.6932543e-06   4.2077453e-07   0.0000000e+00   6.9805188e-09   1.1190794e-08
   1.9990015e-06   1.2186299e-06   7.4117972e-07   3.3390431e-07   2.1494611e-07   3.9550393e-09   7.5972200e-09   1.3143813e-09   1.8679772e-09   8.7175443e-10
   6.2079654e-06   3.0968113e-06   2.3628866e-06   1.0386590e-06   2.3778389e-07   1.9590627e-07   2.6715353e-08   1.5462206e-09   1.3007112e-09   1.5885794e-09
   4.1689487e-06   3.2459664e-06   3.4844925e-06   2.3962858e-06   8.1087763e-06   1.0557934e-08   3.8332731e-08   6.6511950e-09   2.6993996e-09   7.1908219e-09
   2.0018638e-05   2.2495605e-05   4.3443987e-06   7.0069882e-06   1.6156260e-06   2.2123218e-08   1.0661822e-08   5.4181009e-09   1.2767625e-09   4.1527252e-09
   4.0351955e-06   3.1539036e-06   4.9016633e-07   3.8184481e-07   2.5660091e-07   7.0680583e-08   1.4480991e-08   1.3462220e-09   3.2202036e-09   1.5178201e-10
   8.0654126e-05   4.3700964e-05   2.8401798e-05   8.6545207e-06   5.1851184e-06   3.2770557e-07   9.6517839e-09   1.8760019e-09   8.5389392e-10   2.4140772e-09
   4.4328770e-04   3.1870840e-04   1.0978384e-04   8.7512548e-05   4.6229080e-05   7.2186604e-06   8.1145122e-07   4.4191946e-07   8.1234468e-09   4.2806851e-09
   4.1809301e-05   5.6868710e-05   2.0187133e-05   2.2836338e-06   1.1409802e-05   1.5104729e-06   7.4006170e-06   2.8496645e-08   9.0939302e-09   8.5752571e-09
   1.3297509e-05   9.2961039e-06   2.0304533e-06   1.9956778e-06   1.7606532e-06   1.1152806e-07   1.8679554e-07   3.0989147e-09   2.3363580e-09   3.5648101e-09
   4.0999760e-04   1.5703606e-04   8.5574643e-05   1.8342606e-05   1.4251139e-05   3.4146839e-07   7.7095463e-08   0.0000000e+00   5.7511011e-10   2.1496601e-10
   5.4760339e-07   2.7857848e-07   1.4694987e-07   3.5063039e-08   4.8236990e-08   3.5079595e-08   4.0693538e-09   1.2727960e-09   6.9440043e-09   5.8449050e-09
   1.0315659e-06   7.3732505e-07   2.6727227e-07   1.4374047e-07   3.4057562e-08   3.5361985e-09   1.2874075e-09   1.1584675e-09   7.2865340e-10   6.9817384e-10
   1.4028627e-04   1.4158030e-04   4.2835216e-05   1.3817556e-06   1.4800619e-06   1.3994304e-07   1.0139048e-09   1.1298200e-08   1.1528316e-08   4.2816330e-09
   5.0508278e-05   3.7316702e-05   2.0752906e-05   7.1050921e-06   1.3248157e-06   1.3651633e-07   3.0044521e-08   0.0000000e+00   2.0116316e-10   1.7685139e-09
   2.2700304e-07   1.8408310e-07   2.3357946e-08   2.7957884e-08   7.2803865e-09   1.1582361e-08   1.9957188e-08   6.9413722e-11   5.3213171e-10   0.0000000e+00
   1.1181807e-03   8.2501440e-04   3.9602625e-04   8.8602008e-05   1.1931746e-06   1.1535327e-07   2.1243298e-08   1.3203661e-08   1.4582201e-08   1.2555709e-08
   3.8626745e-05   2.4924986e-05   6.4694674e-06   3.4624447e-06   1.6495221e-07   0.0000000e+00   0.0000000e+00   1.2272055e-08   3.1537486e-10   4.1087855e-09
   9.0939759e-06   5.6510576e-06   1.3762356e-06   9.3359090e-07   2.3286235e-07   2.1824084e-08   2.3321076e-09   3.7524333e-09   2.2141819e-09   1.7443710e-09
   1.5645127e-07   2.9048437e-07   1.9717706e-08   1.6803488e-07   5.5422614e-10   6.4737182e-08   1.2995343e-09   6.5649465e-09   1.9386551e-09   1.0859154e-08
   4.2042788e-06   2.3620185e-06   2.2249332e-06   2.2050482e-06   5.9764191e-07   0.0000000e+00   5.2087222e-10   1.3892370e-09   9.3859677e-10   1.0954681e-09
   1.0493940e-06   8.1147733e-07   6.0863418e-07   6.6950638e-07   9.5095774e-07   8.7940313e-08   1.1137493e-08   3.7938201e-09   4.5416327e-09   7.0403231e-09
   3.7377524e-06   2.6988744e-06   1.0317906e-06   8.5397940e-07   1.4364509e-07   4.3983423e-09   2.8548056e-09   1.8757038e-09   0.0000000e+00   2.2975000e-09
   4.8604291e-06   4.5587340e-06   1.9225541e-06   7.0352470e-07   3.8237588e-08   1.8638147e-08   2.4008947e-09   5.3538350e-10   1.4660740e-09   1.7700544e-10
   3.7697589e-03   2.6602704e-03   1.0894952e-03   1.7199907e-04   1.7887274e-04   6.8520671e-06   2.5047899e-07   2.7475227e-07   8.4274289e-09   5.4100719e-09
   3.9788342e-04   3.2279645e-04   5.5399687e-05   8.5283781e-05   1.1524763e-05   1.4134781e-05   8.2113368e-07   0.0000000e+00   1.6909857e-08   6.4956220e-09
   8.8415138e-04   7.6842028e-04   3.5425319e-04   5.7459590e-05   5.2292755e-05   3.4720155e-05   2.2287596e-05   1.1857155e-06   6.9138727e-10   1.0384659e-09
   9.2467747e-05   4.5432816e-05   3.7871894e-05   1.6874191e-05   1.5665685e-05   3.0550825e-06   3.3395924e-08   4.4252049e-09   3.7270701e-09   9.0774376e-09
   2.9419220e-06   3.0546712e-06   7.8995478e-07   7.9051067e-07   2.1283021e-07   8.7056794e-08   1.4171167e-08   1.1576768e-09   1.1476489e-09   5.5727830e-10
   1.1316165e-04   1.2011079e-04   3.7342466e-05   7.7883409e-06   6.5037684e-06   3.0470650e-06   1.6210136e-08   4.6943301e-10   7.1461809e-10   7.6701705e-10
   2.1226552e-06   1.1342676e-06   5.8350151e-07   2.7887447e-07   3.4180323e-08   2.5436363e-08   1.9981378e-08   1.6073134e-08   2.7811791e-09   9.1319311e-09
   3.6358670e-06   1.9772845e-06   0.0000000e+00   4.7717902e-07   0.0000000e+00   1.7439123e-07   0.0000000e+00   0.0000000e+00   0.0000000e+00   3.8214463e-11
   4.5851302e-05   3.4164127e-05   1.7405627e-05   7.4190224e-06   7.4469274e-06   1.4731269e-06   2.5534697e-07   1.0149424e-07   9.1638229e-09   5.0011964e-09
   2.2683460e-06   1.1913048e-06   7.6823231e-07   4.2126735e-07   2.7545350e-08   0.0000000e+00   1.6474255e-09   8.0242692e-09   1.4975924e-09   1.2569492e-09
   2.6252885e-06   9.2025963e-07   1.1355435e-06   6.8251597e-07   2.4797802e-07   1.8904163e-07   3.1307235e-08   2.8856953e-09   3.3911586e-09   6.0245603e-09
   1.8641534e-05   6.3244836e-06   2.8498612e-06   2.0982331e-07   7.1142208e-07   1.4433829e-08   2.2026748e-09   4.7585961e-09   1.9079729e-09   2.7235939e-09
   1.4501591e-05   1.1817444e-05   2.3013310e-06   4.1841475e-06   9.5578050e-07   2.3538525e-07   1.6437682e-09   3.2175850e-09   8.9176155e-10   1.9216727e-09
   6.2271874e-06   4.1844638e-06   2.8719613e-06   7.5172714e-07   6.6354739e-07   2.7660616e-07   4.5508064e-08   1.7217410e-09   3.9048561e-09   1.3539197e-08
   1.0201059e-04   1.1437908e-04   4.7477234e-05   3.6912358e-06   0.0000000e+00   1.9979800e-05   1.4377750e-06   1.3074580e-07   2.9275384e-09   4.1548517e-11
   2.1491889e-07   7.3217148e-08   4.7531837e-08   3.1337462e-08   0.0000000e+00   8.6528838e-10   2.0361203e-09   0.0000000e+00   2.1114618e-10   5.9881833e-10
   2.0529343e-05   1.6998099e-05   5.2489578e-06   3.8851208e-06   8.3395634e-07   7.7607637e-08   1.3144237e-08   2.5670161e-11   3.7798203e-10   3.3261287e-11
   2.2197297e-05   1.3791987e-05   2.3694395e-06   4.0252688e-06   5.8138769e-07   1.0299415e-07   2.1496304e-07   2.6676583e-09   0.0000000e+00   1.9240231e-09
   1.0578807e-05   4.9650983e-06   3.1858493e-06   1.9924883e-06   4.4475186e-07   1.4689406e-07   4.4100577e-08   2.7889737e-09   1.0074388e-10   1.6615248e-10
   1.2268430e-05   1.1414821e-05   3.5580915e-06   3.0430126e-06   6.1935850e-07   3.9980148e-07   1.5841250e-08   6.2565582e-09   1.5628548e-09   9.7938160e-09
   9.6577236e-05   4.6200179e-05   1.0576441e-05   1.5543510e-05   1.1742761e-06   6.0637946e-07   1.6963824e-08   6.7093992e-09   1.0538030e-09   2.3578016e-09
   4.6980588e-05   3.2020216e-05   1.7065407e-05   7.5803502e-06   1.8616821e-06   6.3151938e-07   4.6774087e-08   3.1230078e-09   5.1094746e-09   1.6516367e-10
   6.3609441e-05   2.9127055e-05   2.0608583e-05   9.0675961e-06   2.4761425e-06   2.5897419e-07   1.3641943e-08   4.5606893e-10   1.8473622e-09   1.3644079e-09
   8.3029407e-04   2.9032001e-04   3.5004200e-04   5.7478544e-05   1.4364209e-05   3.4329031e-05   4.8784237e-06   0.0000000e+00   1.4226175e-08   5.0398865e-09
   6.2227101e-04   2.9763468e-04   2.7700057e-04   1.5627932e-04   3.2196448e-05   9.3239380e-07   1.2998204e-08   5.0644488e-09   3.3285181e-09   1.5336120e-08
   1.1805636e-05   6.5288511e-06   4.8864961e-06   6.4395970e-06   1.6279201e-07   2.8317590e-09   0.0000000e+00   6.3464368e-09   3.0429822e-09   2.5151178e-09
   2.3400684e-04   5.7015705e-05   5.2556960e-05   1.5666989e-05   0.0000000e+00   9.0053367e-07   3.4412251e-08   6.7707203e-08   1.1803241e-09   4.7712336e-09
   4.4501992e-04   2.5323965e-04   1.7399980e-04   1.3288274e-04   3.2750842e-05   3.2055387e-05   1.0539048e-05   6.7436982e-09   2.8627579e-09   2.1865656e-10
   3.2426197e-06   1.9628055e-06   2.8361900e-06   1.9147030e-07   7.4530014e-07   6.8536954e-08   1.9550704e-08   0.0000000e+00   3.6765355e-09   6.9759498e-09
   1.0201108e-06   5.1618001e-07   5.8716660e-07   3.3026442e-07   1.8158186e-07   4.3025708e-08   1.2369465e-09   2.7931356e-11   2.7871748e-10   2.6576992e-10
   6.8385242e-05   4.9397604e-05   5.5422223e-05   1.2310652e-05   4.0154061e-06   9.6587889e-07   1.4628394e-06   1.2076887e-08   2.1534821e-09   2.6641350e-10
   2.6393630e-04   1.4072851e-04   1.4990379e-04   7.9414774e-05   9.1451869e-06   3.5690236e-06   1.4268220e-07   1.7537574e-09   1.0727644e-10   1.5144071e-09
   3.2937135e-01   3.7787627e-01   1.2784442e-01   1.1883970e-01   1.5639673e-02   4.9360423e-04   3.8945723e-05   1.3183632e-07   1.0596278e-08   7.4214019e-09
   2.1519597e-05   9.7382535e-06   4.3289599e-06   1.0040231e-06   8.5653668e-07   4.9565701e-07   5.4097400e-07   3.1564559e-08   1.5343327e-09   2.1006132e-09
   3.6679264e-05   3.1965407e-05   1.3425948e-05   2.7849826e-06   2.5888825e-06   4.5381471e-07   7.4217771e-08   9.0663764e-09   3.2463546e-09   8.0416613e-10
   1.0748266e-05   9.8574023e-06   4.7335825e-06   1.8796776e-06   4.3686197e-08   1.3799542e-08   0.0000000e+00   1.1661931e-07   9.4224259e-09   0.0000000e+00
   8.9081618e-05   5.3771674e-05   1.3843961e-05   3.1825002e-06   5.8487417e-07   3.7963555e-08   1.6289980e-09   2.1014454e-10   9.0717132e-11   1.9007790e-09
   2.9802932e-04   1.4014822e-05   1.7891381e-05   2.1087649e-05   1.6795320e-05   9.2687122e-06   5.3280961e-07   0.0000000e+00   2.6813498e-09   1.2737228e-08
   8.5762174e-05   3.5835279e-05   1.2142196e-05   1.7889667e-05   1.2113259e-06   1.3335353e-06   1.2032175e-07   1.8403175e-09   3.4968828e-09   2.7041893e-10
   6.0349361e-07   2.5810202e-07   6.3513600e-08   1.5304914e-08   2.1310218e-08   1.4368744e-08   9.7002650e-09   6.3707524e-09   1.8481088e-08   5.5169708e-10
   1.6434274e-05   1.3219914e-05   6.7309556e-06   2.0287663e-06   1.0778757e-06   8.1589422e-07   0.0000000e+00   0.0000000e+00   1.6877344e-09   1.8931982e-09
   6.3885397e-06   3.5200525e-06   4.5016693e-06   1.0608182e-06   7.1764015e-09   1.1708193e-08   5.6513483e-09   0.0000000e+00   0.0000000e+00   1.9560186e-09
   6.8040855e-05   3.9241375e-05   5.5114235e-06   2.2290953e-06   4.9329865e-07   0.0000000e+00   6.9784043e-08   2.5828889e-09   7.1908731e-09   4.1243803e-09
   5.1306932e-06   5.2828870e-06   4.5392500e-06   2.4491121e-06   9.0744896e-07   2.3526359e-07   1.4673750e-08   1.6058546e-09   1.8611619e-09   0.0000000e+00
   3.4609340e-05   1.6712963e-05   4.3638093e-06   9.7455306e-06   5.5407892e-07   4.9524849e-08   2.1641158e-10   2.7303199e-09   0.0000000e+00   4.4913705e-10
   5.1154003e-05   3.0259233e-05   9.9162934e-06   7.7443407e-07   2.7679871e-06   0.0000000e+00   4.1753504e-08   7.4251835e-10   2.8966193e-09   4.3946728e-09
   2.0375703e-06   3.8222140e-07   3.6208281e-07   0.0000000e+00   1.3180381e-06   0.0000000e+00   1.0971681e-08   0.0000000e+00   9.6782579e-10   0.0000000e+00
   1.7059512e-05   1.0858164e-05   1.9671675e-06   0.0000000e+00   1.0518884e-07   0.0000000e+00   4.4006205e-10   0.0000000e+00   0.0000000e+00   5.0097692e-09
   3.1202646e-06   1.6322269e-06   2.1735689e-06   1.0636042e-06   3.9974280e-07   9.3744762e-08   1.6058444e-07   0.0000000e+00   0.0000000e+00   0.0000000e+00
   1.2992543e-02   7.0264287e-03   3.2182240e-03   7.5351742e-04   3.6841498e-04   8.3300921e-05   0.0000000e+00   1.0755499e-06   7.5489176e-09   7.5224025e-09
   1.3485265e-05   9.0549561e-06   4.2863464e-06   3.9167156e-06   8.4530719e-07   6.8987972e-07   6.5322412e-09   2.2614999e-09   2.1233144e-09   1.5105468e-09
   4.3519802e-06   2.5740624e-06   9.1824211e-07   5.3539882e-07   9.3654398e-09   0.0000000e+00   5.4300197e-09   6.0918690e-10   2.7070212e-09   0.0000000e+00
   3.9554015e-05   4.5284196e-05   2.0204088e-05   8.5992160e-06   8.0211359e-06   1.9003248e-07   4.0142021e-07   0.0000000e+00   3.1565177e-09   1.9092341e-09
   1.1260133e-04   6.1586605e-05   6.5788849e-05   2.6833006e-05   5.2924705e-06   2.9351342e-06   8.0258008e-07   2.0120057e-09   2.2990968e-09   3.0251613e-09
   2.4905063e-05   1.8050497e-05   1.9197123e-05   8.5663718e-06   5.7299690e-06   1.2637558e-06   1.3096024e-07   1.7420981e-09   4.9718267e-10   1.9809329e-09
   8.4227180e-06   3.8443262e-06   2.0872931e-06   1.0205072e-06   3.5458808e-07   7.8818735e-09   2.2569256e-09   3.1568526e-09   3.4869958e-09   2.6878227e-09
   3.2695425e-05   2.3908030e-05   1.3895736e-05   3.8646459e-06   0.0000000e+00   0.0000000e+00   1.1274070e-07   1.0339353e-09   0.0000000e+00   3.3481542e-10
   7.2346234e-06   3.3692914e-06   1.6093814e-06   3.7709774e-07   8.2855140e-08   1.3663021e-08   6.3616053e-09   3.3224553e-09   1.4720588e-09   9.2839278e-09
   1.0769915e-07   1.0164713e-07   1.0458689e-07   2.5370866e-07   6.0385992e-08   1.0591890e-07   3.0131445e-08   0.0000000e+00   9.9789749e-10   2.9717151e-10
   6.6633753e-03   3.8446503e-03   2.0634755e-03   2.1249624e-04   1.2213654e-04   1.8388938e-06   0.0000000e+00   2.5108770e-09   4.4947100e-09   1.1731642e-09
   3.7878738e-04   3.2419698e-04   2.5526549e-04   3.0483395e-04   5.9431381e-05   4.0614832e-04   5.8278496e-06   4.3215672e-08   3.7723560e-09   3.6523040e-09
   3.9857699e-05   4.4349875e-05   1.8315166e-05   1.7154444e-05   6.3657683e-06   9.4832927e-06   6.0056471e-07   1.5585646e-08   1.7099319e-09   5.1396511e-09
   1.0093195e-04   6.4431925e-05   5.0191200e-05   1.6906306e-05   1.1183587e-06   2.3478707e-07   2.0717533e-08   0.0000000e+00   8.4325802e-10   0.0000000e+00
   1.1235812e-05   5.1829728e-06   3.0559602e-06   2.9526973e-06   5.3526501e-07   4.7157029e-08   2.1860140e-10   2.6764944e-09   0.0000000e+00   6.4043148e-10
   9.0359304e-06   8.4048207e-06   7.6943655e-06   3.4580732e-06   4.9378156e-06   3.0101470e-07   5.2753444e-07   1.8321298e-08   4.1773127e-10   3.7914604e-10
   4.2866312e-03   2.3286870e-03   2.0030804e-03   6.4762550e-04   7.8705793e-04   5.6171588e-05   7.7682146e-06   0.0000000e+00   4.6633745e-08   2.9692408e-08
   6.7901831e-05   4.1775425e-05   5.0409969e-05   1.3258188e-05   1.6248015e-05   2.5788313e-06   3.1845621e-07   1.0092872e-08   1.5977171e-08   3.6193350e-09
   5.6904118e-04   3.5501548e-04   1.1066251e-04   5.8042550e-05   1.2215853e-05   2.3331391e-07   4.2898894e-09   1.7660077e-08   4.3534301e-09   2.5463585e-10
   6.0250446e-06   1.8641387e-06   2.4682591e-06   1.2101478e-06   8.9771996e-07   6.0681697e-09   7.5415319e-10   0.0000000e+00   1.9567560e-10   0.0000000e+00
   2.1531640e-05   2.4330403e-05   3.0970690e-05   1.3097424e-05   1.3637810e-06   4.4134804e-07   2.0880014e-07   3.5359505e-09   5.8994036e-09   4.5398107e-09
   2.8779804e-05   1.7480243e-05   1.9134787e-05   6.0136485e-06   7.4346332e-07   3.3360837e-08   6.3082793e-09   2.9956444e-09   4.8254649e-09   2.6921710e-10
   8.0419216e-06   5.5722560e-06   1.3630423e-06   6.0163217e-07   3.7961894e-07   1.9554122e-07   6.3380187e-10   8.4115447e-10   2.4256507e-10   7.8667715e-10
   6.1665145e-06   5.4103952e-06   2.4877299e-06   1.1038183e-06   3.8157609e-07   2.6254910e-07   4.7336230e-08   1.3430189e-09   3.3342161e-09   6.0806620e-09
   7.3834001e-06   5.9588735e-06   2.8632053e-06   1.4967667e-06   7.9393592e-07   3.2627168e-07   4.7890702e-07   1.2437995e-08   2.2189796e-09   3.3405068e-09
   1.8372142e-06   1.4427664e-06   7.9034961e-07   3.7144314e-07   7.3041794e-08   2.1375940e-08   7.7318525e-09   6.3393353e-09   7.5248755e-09   3.1223500e-09
   1.4194789e-04   5.6241508e-05   5.0578127e-05   1.3453156e-05   4.4550684e-05   3.6159680e-06   4.1870376e-07   3.9424049e-08   3.6056779e-08   1.4665582e-08
   6.6341674e-05   2.8708456e-05   1.5052614e-05   1.5413280e-05   4.8172671e-06   2.0286674e-08   7.5331503e-07   1.6700958e-08   5.2369827e-09   1.8815818e-09
   1.2904124e-04   4.9141793e-05   6.7192077e-05   1.5239315e-05   6.0073214e-07   0.0000000e+00   8.5858146e-08   8.1353758e-10   0.0000000e+00   2.7440034e-09
   8.4176691e-07   7.2282909e-07   3.9913544e-07   3.4661648e-07   2.1829518e-08   8.7347980e-09   6.5062838e-09   1.8143835e-09   1.3387423e-09   1.6905903e-09
   1.6586640e-05   1.5113158e-05   1.4197591e-05   1.1975769e-06   4.6392756e-06   0.0000000e+00   0.0000000e+00   0.0000000e+00   5.8424378e-09   0.0000000e+00
   2.9859769e-05   1.6150919e-05   1.6300780e-05   7.6892253e-06   3.0531631e-06   2.3707152e-06   2.0382739e-09   2.8083510e-09   1.5383141e-09   0.0000000e+00
   4.3356130e-05   2.4520644e-05   2.4608757e-05   1.1315645e-05   3.4452965e-07   4.4560075e-08   0.0000000e+00   1.0805176e-09   5.3373698e-09   2.3696859e-09
   2.4165400e-06   1.8092550e-06   1.3786970e-06   1.0261072e-06   2.3094241e-07   0.0000000e+00   7.6164928e-09   1.9147629e-09   2.5212792e-11   7.0710917e-10
   6.9003617e-05   7.7768279e-05   4.2504949e-05   1.3616079e-05   1.9870747e-05   2.1357063e-06   6.9111474e-08   3.0599922e-09   3.8908807e-09   1.2965041e-09
   4.3782933e-05   2.1192229e-05   1.8824288e-05   1.5115722e-05   3.3915068e-06   1.4601780e-05   1.2364700e-06   1.1645105e-08   0.0000000e+00   4.6222446e-09
   1.4676449e-06   1.4058162e-06   3.5385529e-07   3.3596211e-07   5.1560603e-09   0.0000000e+00   9.1165338e-09   6.1965170e-09   3.6680762e-09   2.6861533e-09
   3.0638720e-05   1.5236126e-05   9.2486222e-06   5.9244278e-06   2.9425043e-06   9.9304163e-07   1.7065379e-08   1.9393897e-08   2.4156660e-08   1.7085142e-08
   8.3088073e-06   6.2060579e-06   5.2458119e-06   3.3284770e-06   5.3108990e-08   5.6896567e-08   0.0000000e+00   7.2211791e-09   0.0000000e+00   2.4065930e-09
   1.9180343e-05   1.5580763e-05   1.1952147e-05   9.5824571e-06   6.8975037e-06   6.4475998e-06   4.9118819e-07   3.2854131e-09   2.9240849e-10   1.7913768e-09
   3.5859415e-06   1.8197072e-06   3.1251873e-06   1.8323683e-07   3.3099052e-07   5.9703251e-07   4.1833785e-08   2.0963912e-09   1.4363848e-09   1.1906511e-09
   8.4192796e-07   5.9799429e-07   6.6116589e-07   6.8345498e-08   9.7033710e-08   8.9250236e-09   2.6997033e-09   2.2020230e-10   1.7574578e-09   1.5092966e-09
   9.9971094e-06   6.6444777e-06   1.2103485e-05   7.3004695e-06   4.3892504e-06   7.8733241e-07   1.6699789e-08   5.3577716e-08   1.5579340e-09   2.0907139e-09
   3.3332722e-05   2.0729070e-05   4.9293851e-06   6.6546225e-06   4.5146837e-09   3.1429476e-07   4.9926626e-09   1.2017586e-10   3.3575917e-13   3.7303165e-10
   1.9193433e-06   9.7618273e-07   1.3938097e-06   9.4081950e-07   7.2460290e-08   4.5603477e-08   2.9427819e-09   1.7859103e-09   8.0778604e-10   1.1833090e-11
   6.3683303e-05   5.2555243e-05   3.9891395e-05   2.1048526e-05   6.1271377e-06   3.4944832e-06   1.0108150e-06   3.0547986e-08   1.2135511e-08   2.9616114e-08
   5.0679304e-04   5.4665753e-04   5.7502094e-04   4.5643465e-04   7.3984331e-04   2.3338822e-04   3.0804257e-05   5.1507591e-08   2.2345756e-08   8.5611357e-09
   4.2544304e-04   1.8026812e-04   2.5493543e-04   2.2823338e-05   8.6204549e-05   1.5516059e-05   2.9631098e-07   5.0781215e-09   4.9813350e-09   7.4316332e-09
   2.2574145e-04   2.0437862e-04   1.9212101e-04   4.2330540e-05   4.6065556e-05   1.2552621e-05   4.4276878e-07   2.1476135e-09   1.3008755e-09   1.8055836e-09
   4.5747143e-05   2.5735290e-05   3.0159488e-05   4.4188380e-05   2.1354560e-06   1.3512900e-06   1.5496004e-07   2.1705796e-08   4.8955152e-09   3.7644299e-09
   7.2293776e-05   6.8590590e-05   1.3983959e-05   1.6121068e-05   1.0723830e-05   1.5153302e-07   2.3009314e-07   6.0740744e-09   0.0000000e+00   2.4613145e-09
   4.0713523e-07   4.8147309e-07   1.9516859e-07   1.1055432e-07   3.0119591e-08   6.4039000e-09   4.1412620e-09   3.6973067e-09   2.7944821e-09   8.6398059e-10
   1.2552646e-06   4.9320962e-07   5.2664657e-07   1.8848138e-07   1.8285931e-07   1.2556093e-09   6.4828059e-10   5.3752002e-10   6.0931066e-10   1.1076863e-09
   2.5610708e-05   7.2819956e-06   5.6911054e-06   3.0625720e-06   2.0729870e-06   1.0478105e-06   2.3845767e-07   4.8271551e-09   2.3803916e-09   1.6541574e-09
   9.1527403e-07   1.0769421e-07   8.4631602e-08   1.1905715e-07   6.3675645e-08   6.4854831e-08   3.2820547e-08   8.1054260e-09   0.0000000e+00   2.8774326e-09
   1.1673424e-06   8.0302296e-07   5.7972625e-07   4.3373981e-07   9.6003042e-08   0.0000000e+00   9.4094033e-09   3.9896230e-09   1.9632789e-09   4.5778803e-09
   2.1313249e-02   1.5810402e-02   4.4453555e-03   8.2596703e-03   1.8466255e-05   3.9701292e-03   8.4927650e-04   1.6418808e-06   2.5289237e-09   2.6628094e-09
   1.9918484e-04   1.1737199e-04   1.6432420e-04   3.4417058e-06   5.0330443e-07   1.4730703e-07   1.5703839e-08   3.8577897e-09   3.8000416e-09   6.5042846e-09
   2.6994351e-03   1.5453160e-03   1.6433423e-03   2.0321103e-03   3.6411631e-04   8.1982478e-07   3.6587007e-06   5.2139579e-09   2.7393787e-11   1.3628937e-09
   2.7148395e-04   2.5262076e-04   1.3018900e-04   2.4820069e-05   9.7403982e-06   1.2251213e-06   2.0205564e-07   6.9381136e-09   4.8503927e-09   1.0610396e-09
   1.4841908e-05   6.5717530e-06   2.9986962e-07   2.4650145e-06   3.9388318e-07   0.0000000e+00   0.0000000e+00   1.9774934e-09   0.0000000e+00   0.0000000e+00
   7.0882615e-03   1.3330022e-02   1.3965710e-02   4.9231599e-03   6.0790998e-04   2.0153593e-05   1.3220437e-07   6.0852638e-09   1.7869544e-09   3.5255833e-09
   1.6831130e-03   1.0903853e-03   9.2609037e-04   1.2893329e-03   5.7510062e-04   8.7404964e-08   3.7615123e-06   2.7116778e-08   0.0000000e+00   6.4071064e-09
   7.4885352e-07   5.2343998e-07   2.2040996e-07   1.9006431e-08   2.4334175e-07   1.7239062e-07   1.2805846e-08   2.2983153e-09   1.6708429e-09   6.0858872e-10
   1.5707124e-05   4.6960400e-06   1.8507147e-06   1.4939982e-05   9.2977243e-06   3.6189669e-06   2.4343373e-07   6.5850998e-08   6.4684622e-09   7.3212764e-09
   5.8587044e-06   5.4487640e-06   1.8000479e-06   1.4466091e-06   2.8068772e-07   4.5918626e-08   1.4579371e-08   2.5940408e-09   1.2264398e-10   3.1009729e-09
   3.7306095e-06   5.3850810e-06   4.6558868e-06   2.4180766e-06   2.5568466e-07   9.1160832e-08   0.0000000e+00   0.0000000e+00   1.8673258e-09   1.4521965e-09
   5.8924313e-05   3.4533038e-05   2.5982549e-05   2.6671125e-05   4.6390902e-05   1.8977167e-06   1.4511059e-06   3.2025825e-08   1.0123266e-10   5.6727566e-10
   2.7368739e-05   1.5121887e-05   2.0667539e-05   1.0494101e-05   1.1180294e-05   2.4843964e-06   8.9601509e-10   1.6333162e-06   9.7632482e-09   1.1707213e-08
   1.5086089e-03   8.4166064e-04   8.7635073e-04   4.9925339e-04   3.9063307e-04   1.4661021e-04   1.3245261e-04   8.9264255e-07   3.8349404e-09   5.0583745e-09
   2.1700407e-05   2.5045929e-05   1.5647853e-05   7.1406707e-06   1.0990966e-06   2.8716413e-07   2.3276939e-08   6.2263984e-10   0.0000000e+00   3.0455550e-10
   9.7266383e-06   7.1254088e-06   1.1281069e-05   5.4304332e-06   1.4117973e-05   0.0000000e+00   8.5797871e-06   3.7781683e-08   9.1986103e-10   1.3271938e-09
   1.4078552e-05   7.2673189e-06   3.4369233e-06   1.8318604e-06   2.7703627e-07   1.4434656e-07   1.8290409e-08   1.0206876e-08   4.5339825e-10   5.2390765e-09
   4.6452604e-06   4.3196378e-06   2.8618282e-06   2.9208311e-06   5.1675558e-07   8.8253871e-08   2.3141432e-08   4.3784540e-09   2.1144445e-08   1.7746587e-09
   1.3269328e-05   1.1339114e-05   4.4975160e-06   6.5240799e-06   1.4598596e-06   2.3105917e-07   5.3577924e-08   2.3033320e-08   4.1495110e-08   2.9773043e-08
   2.5700177e-05   2.9833038e-05   1.4196888e-05   6.1773131e-06   6.7294367e-06   5.8864461e-07   0.0000000e+00   3.3540901e-09   1.5928926e-09   1.4716464e-09
   1.7207041e-05   9.8961209e-06   6.5500039e-06   7.2005792e-06   5.6339760e-06   2.1761332e-06   2.5083072e-08   2.1001053e-10   4.3501956e-09   1.1055722e-09
   1.4901621e-06   1.7411815e-06   2.6573590e-06   2.0671885e-07   9.2320700e-08   8.0033622e-09   5.4041985e-09   3.7504952e-09   8.0683621e-10   1.0389889e-09
   9.6687344e-07   9.8292221e-07   6.2052327e-07   2.7025170e-06   9.6557341e-07   9.8644413e-08   6.2310892e-09   1.2112850e-09   0.0000000e+00   2.0896825e-10
   7.7772101e-07   1.1095364e-06   4.9486920e-07   2.9950032e-07   3.7169816e-07   1.0650697e-07   3.6289414e-09   2.0759210e-09   1.7704721e-09   4.2375932e-09
   2.9378698e-07   1.8288984e-07   1.8789096e-07   7.4975837e-08   4.5116162e-08   8.9556202e-09   0.0000000e+00   0.0000000e+00   0.0000000e+00   6.2751566e-10
   6.3997321e-06   2.5328023e-06   1.9096734e-06   1.9374932e-06   8.1327180e-07   1.5078880e-07   2.2851316e-09   0.0000000e+00   4.3783608e-10   0.0000000e+00
   1.0453827e-02   9.1990004e-03   2.7028225e-03   1.8106847e-03   4.8350414e-04   1.9023630e-05   7.9311058e-07   1.7261510e-09   7.4085543e-10   0.0000000e+00
   9.8354860e-05   4.8749670e-05   2.5761117e-05   1.0697743e-05   1.9004508e-06   2.5453872e-06   4.2953406e-10   6.0234946e-09   4.3478283e-10   1.7026669e-12
   8.6511716e-07   1.0127009e-06   1.1685178e-06   3.7862376e-07   6.8649912e-08   1.4606821e-08   5.2621982e-09   1.4980399e-09   9.0956788e-10   3.8986570e-09
   8.3215308e-04   7.2077371e-04   7.3371219e-04   2.3850832e-04   1.1340274e-04   5.3971907e-05   1.9924909e-06   1.0562789e-08   3.4199527e-08   2.0431283e-09
   4.8687640e-05   2.0540679e-05   9.1307236e-06   3.0206638e-05   2.3728035e-06   4.0471197e-06   1.6175400e-07   0.0000000e+00   3.3080066e-10   1.9884538e-09
   4.3054956e-06   3.3852153e-06   1.6833947e-06   1.3034462e-06   6.6263734e-07   7.8692811e-07   3.6102470e-09   0.0000000e+00   2.0455501e-10   0.0000000e+00
   1.1831427e-03   6.6400800e-04   7.0135190e-04   2.0822663e-04   4.7960601e-04   5.2280043e-04   1.1743949e-04   4.2530981e-06   7.1886261e-08   2.0456280e-08
   1.0619564e-06   8.7823809e-07   3.7542114e-07   5.8541547e-08   1.5939423e-07   1.4158079e-08   9.2598554e-11   1.5039012e-09   2.4714679e-09   2.9859214e-09
   7.0122278e-06   1.3743378e-05   7.3864590e-06   2.8923169e-06   1.4537805e-06   5.1417217e-07   5.0082929e-08   1.0470290e-08   2.0947789e-09   4.5881823e-09
   1.3349934e-04   8.0298098e-05   2.2273404e-05   1.1378939e-05   6.8827102e-07   1.0130603e-07   7.8491313e-08   9.0836947e-09   7.7584422e-09   5.1530214e-09
   1.8759799e-07   7.9824834e-08   8.3220632e-08   2.1597569e-08   1.0657163e-08   4.7243571e-09   5.9289367e-09   0.0000000e+00   3.5735944e-09   0.0000000e+00
   1.4136032e-05   9.0286999e-06   7.8016415e-06   5.9695094e-06   1.3922821e-06   3.3495538e-07   3.7422727e-09   4.3253867e-10   2.3574359e-10   0.0000000e+00
   1.7391468e-06   8.6878072e-07   1.0392800e-06   6.6974239e-07   1.8545096e-07   1.3994758e-08   1.3131577e-10   1.7359572e-10   2.0888646e-10   1.3833651e-11
   9.3418127e-06   8.0818783e-06   3.8198222e-06   1.1301722e-05   1.0595162e-07   3.3761606e-07   7.5269707e-08   3.6053576e-09   5.3550823e-09   2.6951235e-09
   1.1171491e-06   7.5549356e-07   3.4784173e-07   9.8564278e-07   3.0287521e-07   2.3727316e-07   1.8954281e-09   0.0000000e+00   8.6933642e-10   1.5133546e-09
   1.2585600e-06   1.2359599e-06   3.8151531e-07   6.2169582e-09   7.2713239e-07   0.0000000e+00   0.0000000e+00   1.7460665e-09   6.0740576e-10   9.5745707e-09
   9.6914319e-08   1.0303200e-07   4.2433929e-08   3.5903432e-08   1.5898805e-08   5.8537757e-09   2.1006208e-09   2.3831451e-09   3.8485804e-09   1.0510465e-09
   2.2434161e-04   2.1731365e-04   1.7550939e-04   3.8296502e-05   2.6006691e-05   1.5702585e-05   9.4469471e-07   3.3509852e-09   7.6411952e-09   0.0000000e+00
   1.9730474e-05   1.5911467e-05   1.0130002e-05   7.7061970e-06   5.6604411e-06   3.1586065e-07   5.2043142e-08   2.7935022e-09   3.2776087e-09   8.2664436e-10
   6.5229578e-06   4.4502009e-06   2.2944744e-06   6.5737670e-07   1.6570680e-07   0.0000000e+00   7.8296125e-09   0.0000000e+00   2.2031721e-09   1.7688382e-09
   9.4560830e-06   8.8820429e-06   6.4704437e-06   2.9447656e-06   2.6548736e-06   3.6986311e-07   2.8579680e-08   1.2979786e-09   1.7578970e-09   2.8343224e-10
   7.8131653e-06   7.8170464e-06   3.1528821e-06   1.0075955e-06   5.1696486e-07   3.9606367e-08   1.0938254e-08   2.7120790e-09   0.0000000e+00   1.2800352e-09
   2.5389704e-05   1.8047323e-05   2.8087626e-05   1.8298650e-05   1.3241378e-06   3.3403092e-05   3.4557214e-06   1.5632278e-07   4.4857829e-09   7.7843065e-09
   2.7729753e-04   2.6862681e-04   1.1179467e-04   1.1042118e-04   1.5560276e-05   8.3292997e-06   0.0000000e+00   2.7245263e-08   2.1652879e-08   2.1684756e-08
   2.0412558e-06   2.9627675e-06   1.0204002e-06   1.2406152e-06   4.6205624e-07   2.1716589e-08   5.1829693e-09   1.9186807e-09   4.0676232e-09   1.9999213e-09
   1.0213183e-04   1.1488970e-04   2.8406431e-05   2.4054045e-05   1.7330968e-05   5.4593127e-06   1.1910098e-06   4.3627149e-10   3.5314000e-09   2.2613229e-10
   5.8483685e-05   3.4539011e-05   3.7707877e-05   1.1615518e-05   1.0811293e-05   9.2041147e-07   1.2968736e-06   9.5579409e-09   7.9389572e-09   1.4659541e-08
   1.0340302e-05   6.7413260e-06   3.5661391e-06   1.6481483e-06   1.4547463e-06   1.5030228e-07   0.0000000e+00   1.2680130e-09   1.0303546e-09   7.8607094e-09
   4.9949016e-05   3.1945688e-05   1.4470343e-05   1.0005101e-05   1.0307230e-06   1.1263076e-07   4.8676576e-08   3.1409765e-09   6.9017897e-09   5.0987930e-09
   4.5073914e-04   3.8328498e-04   2.2004804e-04   1.0954048e-04   6.9528728e-05   1.1437413e-06   2.9024453e-07   1.5526124e-08   1.2907931e-08   1.2293128e-08
   1.6891856e-06   7.0628946e-07   5.0270461e-07   5.5162745e-07   1.3734971e-07   2.3513522e-07   5.8273915e-08   8.2867191e-09   8.0757601e-09   0.0000000e+00
   9.9032841e-06   6.4232123e-06   2.7176215e-06   1.2302728e-06   1.1277443e-07   3.1547790e-08   1.2900315e-08   1.6727905e-10   1.6022648e-09   3.0767144e-09
   7.6980161e-07   3.4475330e-07   4.7423998e-07   2.3153953e-07   9.3916890e-08   6.0094643e-08   4.4083842e-09   2.3503886e-09   3.0280220e-09   3.1196490e-09
   1.1199999e-07   7.3139247e-08   1.0038164e-07   4.0257909e-08   1.1265702e-08   1.6480699e-08   3.5915189e-09   5.0463903e-11   0.0000000e+00   0.0000000e+00
   1.1217695e-06   1.2671861e-06   7.8528828e-07   3.7935069e-07   4.3149684e-07   1.6392369e-07   2.0652614e-07   5.5083369e-09   4.6239191e-09   2.3895513e-09
   3.9057220e-07   6.3893218e-07   2.6211894e-07   3.1845220e-07   9.4629797e-09   6.2852422e-11   6.6189033e-09   7.9109775e-10   9.1401455e-11   4.5147729e-11
   6.2005640e-04   1.4396535e-05   0.0000000e+00   3.0779554e-05   1.0354441e-05   0.0000000e+00   3.6688191e-06   2.6767192e-08   2.3312943e-08   7.9140361e-09
   1.3133137e-04   8.4447130e-05   2.8094732e-06   1.5460415e-05   7.3870927e-06   7.0828651e-07   2.7563951e-09   8.4325780e-10   5.9177912e-09   0.0000000e+00
   3.4784910e-07   3.4933643e-07   2.5342630e-08   1.4160084e-07   3.7344710e-09   8.2291262e-08   2.1215420e-08   2.3991647e-09   1.4904256e-09   7.6551296e-09
   1.4676902e-06   9.2240692e-07   6.7218246e-07   8.8519270e-07   2.8241350e-07   0.0000000e+00   1.6063955e-08   9.1304755e-10   2.1813530e-09   2.9119637e-09
   9.2925249e-03   5.6977812e-03   6.2278780e-03   2.2512274e-03   1.6481199e-03   1.0528328e-04   1.2371920e-06   1.9994725e-11   1.5663361e-08   2.0795414e-08
   5.1099203e-07   5.3508331e-07   2.6123540e-07   1.5993164e-07   6.5906887e-08   2.1925386e-09   1.8206858e-10   7.4540824e-11   4.7422269e-10   0.0000000e+00
   3.5103026e-05   2.3275269e-05   1.2154871e-05   2.8541748e-06   5.1057627e-06   1.3419576e-06   1.2293151e-06   1.2761814e-07   8.2490718e-09   2.0981233e-08
   4.5229536e-05   3.2560030e-05   1.3907972e-05   5.0610124e-06   7.1141479e-07   3.7420382e-08   9.8063870e-10   0.0000000e+00   5.3203396e-11   3.4273249e-10
   5.6997657e-06   8.7532205e-06   2.2689310e-06   1.7182276e-06   1.1895476e-06   3.1332048e-06   0.0000000e+00   2.2479061e-09   5.0678797e-10   3.0932778e-09
   5.1148765e-08   0.0000000e+00   0.0000000e+00   4.9609291e-08   0.0000000e+00   1.0370753e-07   5.1038890e-08   2.5655651e-09   9.6737647e-10   1.1144832e-09
   4.8803345e-03   5.2640277e-03   5.5585006e-03   6.4944231e-04   1.8988749e-04   6.0874607e-06   3.0851852e-07   1.5053690e-08   1.2040025e-08   1.6182752e-08
   1.9120920e-06   9.7953838e-07   6.6802443e-07   1.1562355e-07   1.2703345e-07   1.2990922e-08   1.1460181e-09   9.8445798e-10   8.5614387e-09   2.1857218e-09
   1.1334180e-06   1.5512231e-06   1.3584081e-06   1.1817175e-06   3.5693918e-08   1.6817875e-08   3.3854917e-09   1.4367094e-09   1.4223098e-09   1.3038649e-09
   1.5864414e-08   2.8805234e-08   1.1478235e-07   1.4835389e-07   5.6133157e-08   2.2298633e-10   6.3182261e-09   7.2829216e-10   2.1852307e-09   6.4244765e-10
   4.0689660e-07   1.3300389e-06   3.0289690e-07   8.8574579e-08   2.9095220e-07   5.0223581e-08   7.2626020e-09   5.5020993e-10   1.7718829e-09   1.8423988e-09
   2.3095999e-05   1.2010850e-05   9.2886065e-06   2.0979611e-06   3.9776360e-07   6.6749906e-08   2.5538128e-08   4.7406289e-10   6.5165691e-10   2.1872309e-10
   5.3037780e-05   4.1995193e-05   4.3818437e-05   2.6229904e-05   2.9719631e-05   1.1537034e-05   5.9109430e-08   2.6275700e-09   3.8988703e-09   2.0974571e-09
   5.2778455e-06   4.1042733e-06   1.9092256e-06   6.4714176e-07   1.8467734e-07   6.6882643e-08   2.7066118e-09   6.2248043e-09   1.6995882e-09   3.2369630e-10
   2.0080478e-06   1.2719490e-06   2.0636646e-06   6.5055571e-07   5.4689169e-08   7.4570282e-08   4.1138953e-09   1.4785192e-08   1.0117335e-08   0.0000000e+00
   8.2787901e-05   5.4431453e-05   6.6889434e-05   2.1573966e-05   3.6178195e-05   8.4955538e-06   3.7997121e-06   2.6906078e-08   0.0000000e+00   0.0000000e+00
   1.8603289e-05   1.2149331e-05   7.8031735e-06   1.0674154e-05   9.1902175e-06   5.8556252e-07   3.6996327e-07   4.8066534e-10   1.5949488e-09   6.7560800e-10
   4.0208950e-05   3.2039468e-05   1.9841470e-05   1.0978137e-05   7.1899766e-06   2.1407226e-06   1.5556010e-07   1.7376303e-09   3.4195208e-10   1.0046134e-09
   3.1977230e-06   1.3932606e-06   2.6351335e-06   1.0937603e-06   1.6500265e-06   0.0000000e+00   1.7802426e-06   2.0770194e-08   3.8413619e-09   2.7423476e-09
   6.4595167e-07   3.0256782e-07   6.4411376e-07   1.3493100e-06   3.6631382e-07   3.7846268e-08   2.3890691e-08   7.4959551e-09   1.8034296e-08   2.0303056e-09
   5.2955932e-06   2.1701028e-06   4.0460881e-06   7.8626152e-07   1.4067633e-06   1.2604065e-07   1.1571809e-08   5.7674506e-09   4.9827350e-09   7.2133850e-09
   2.2929556e-07   5.1477717e-07   5.0032236e-07   2.2746199e-07   1.5067167e-07   7.8982810e-09   3.4676171e-09   1.8866160e-09   1.4684759e-09   7.8190322e-10
   7.9766770e-07   1.2951317e-06   9.4957619e-07   3.2639807e-07   4.4845059e-07   5.1637568e-08   3.0431593e-08   3.5433262e-09   2.3198684e-13   3.4735530e-10
   7.4037858e-08   5.7456655e-08   5.4269968e-08   2.7368368e-08   3.7822291e-08   6.2386909e-10   0.0000000e+00   1.9722959e-09   3.5357536e-10   1.2978937e-09
   1.1827458e-04   6.3147072e-05   2.1136571e-05   6.0158308e-05   8.0117456e-06   2.6867979e-06   4.5614535e-08   1.1029865e-09   1.1611974e-09   1.1877326e-09
   1.0510812e-07   8.1935881e-07   7.0773736e-07   6.4803421e-07   4.2273423e-07   1.3860783e-07   2.0972823e-08   1.0951440e-08   1.9895184e-10   9.0818011e-10
   3.2768192e-06   1.7527643e-06   3.7522988e-06   1.8833986e-06   2.6510047e-08   1.0155936e-07   1.1262516e-08   3.5929323e-09   2.7328179e-09   5.5900232e-09
   2.6562890e-05   2.1636000e-05   2.3737057e-05   1.6433867e-05   4.3813555e-06   6.9973284e-07   1.8947747e-07   0.0000000e+00   2.5904102e-11   3.0654346e-08
   1.2802549e-04   9.2452139e-05   1.4032796e-04   9.4454344e-05   1.2165376e-05   4.2230369e-07   0.0000000e+00   0.0000000e+00   9.2378829e-10   0.0000000e+00
   1.2480761e-06   6.7474589e-07   5.0182833e-07   1.6127793e-07   3.6207619e-07   0.0000000e+00   5.1333327e-08   4.6125660e-09   4.1742373e-09   4.1725700e-09
   5.4244383e-05   1.4458793e-05   1.8011679e-05   1.4366244e-05   1.2028670e-06   1.5623534e-08   0.0000000e+00   6.5018282e-10   1.5332426e-09   6.5309379e-10
   3.1640401e-06   1.2649272e-06   2.5655364e-06   1.2873970e-06   2.3668296e-07   1.1227477e-07   9.4397721e-09   2.2320188e-09   1.1085518e-09   4.5344325e-10
   1.1204183e-06   5.3582406e-07   3.6893508e-07   4.2942203e-07   3.8454287e-07   2.3639706e-07   4.8704654e-09   2.0514473e-09   1.2855257e-10   4.6126898e-10
   3.0769068e-05   1.8284956e-05   1.9333459e-05   1.4037139e-05   3.1245582e-06   4.1647660e-06   2.1930568e-06   2.2677095e-08   8.8963337e-10   1.1174983e-09
   2.6436112e-06   3.1575929e-06   1.6077151e-06   2.9415938e-07   3.5779801e-07   6.0405979e-08   5.9929823e-08   3.5057859e-09   7.1754967e-10   1.8052933e-09
   6.3905187e-05   3.1867875e-05   4.7483581e-05   9.0826075e-05   1.7508493e-05   2.9860756e-06   3.0740691e-11   5.5881822e-09   4.2215696e-09   2.0411579e-09
   3.9124978e-06   1.2212267e-06   7.2307200e-06   3.2292188e-06   8.4317261e-06   0.0000000e+00   2.9720083e-07   1.2469550e-08   0.0000000e+00   4.1336648e-10
   2.1765973e-06   3.1737162e-06   2.3583820e-06   8.0085448e-07   5.2232982e-07   5.2206042e-07   1.1030005e-07   7.4315132e-09   1.5465194e-10   0.0000000e+00
   1.7534242e-05   7.8845602e-06   6.4054067e-06   6.6528721e-06   3.9805774e-06   8.8770808e-07   3.1776998e-08   3.9109911e-09   1.7994260e-09   6.5364500e-10
   3.6223860e-06   6.7898948e-06   2.9181737e-06   7.4424614e-06   2.8408728e-06   4.4186691e-06   5.4685273e-07   1.8201384e-08   3.1898194e-10   1.9623845e-09
   1.7066398e-07   0.0000000e+00   5.6819651e-08   4.6372854e-09   0.0000000e+00   5.7849808e-08   0.0000000e+00   0.0000000e+00   6.3722336e-09   0.0000000e+00
   3.9860294e-07   1.9669706e-07   2.6931728e-07   1.0620182e-07   1.9933952e-07   4.1853825e-08   3.1590291e-09   1.1917940e-11   4.4434996e-10   6.3531354e-10
   1.4354572e-06   9.0429888e-07   1.6094067e-06   1.4876479e-06   6.7864890e-07   3.8010279e-07   3.0679077e-07   1.0213078e-09   0.0000000e+00   6.0032879e-10
   2.5220658e-09   2.0937139e-08   6.5006261e-08   2.5560932e-08   2.0485284e-08   3.9721047e-09   2.6990976e-09   1.1088370e-09   0.0000000e+00   3.4550423e-10
   0.0000000e+00   0.0000000e+00   3.1058488e-09   0.0000000e+00   2.5192250e-09   0.0000000e+00   1.3491665e-09   3.2413702e-10   4.0784979e-09   1.0631377e-09
   4.8211459e-10   1.5653531e-09   2.2133122e-10   1.3485110e-09   6.9714955e-10   3.3475114e-10   0.0000000e+00   3.8248792e-10   6.2977516e-10   1.0640899e-10
   0.0000000e+00   0.0000000e+00   0.0000000e+00   0.0000000e+00   0.0000000e+00   0.0000000e+00   0.0000000e+00   5.9023079e-08   0.0000000e+00   7.3988009e-08
   0.0000000e+00   0.0000000e+00   0.0000000e+00   0.0000000e+00   0.0000000e+00   0.0000000e+00   0.0000000e+00   0.0000000e+00   0.0000000e+00   0.0000000e+00
   0.0000000e+00   0.0000000e+00   0.0000000e+00   0.0000000e+00   0.0000000e+00   0.0000000e+00   0.0000000e+00   0.0000000e+00   0.0000000e+00   0.0000000e+00
