   6.8890000e+04   7.6119000e+04   9.9717000e+04   1.6507000e+04   9.4110000e+03   3.1280000e+03   5.3100000e+02   1.9700000e+02   1.8700000e+02   1.7100000e+02
   1.0213800e+05   2.1517300e+05   4.9853000e+04   2.0504000e+04   9.0690000e+03   2.0830000e+03   4.0000000e+02   1.5600000e+02   1.9600000e+02   1.7700000e+02
   7.8184000e+04   1.0191600e+05   2.3930000e+04   1.8248000e+04   8.7400000e+03   1.8380000e+03   2.8500000e+02   1.7000000e+02   1.6200000e+02   1.6500000e+02
   3.3777200e+05   1.0297500e+05   4.6724000e+04   2.6944000e+04   7.6130000e+03   3.5580000e+03   4.8000000e+02   1.8700000e+02   1.9000000e+02   1.7700000e+02
   1.0795400e+05   1.0237300e+05   1.3841100e+05   2.6914000e+04   7.9690000e+03   1.6220000e+03   4.9600000e+02   1.7100000e+02   1.7800000e+02   1.7900000e+02
   3.0150700e+05   6.8015000e+04   3.4387000e+04   1.0271000e+04   1.2175000e+04   3.3560000e+03   3.6200000e+02   1.9000000e+02   1.7300000e+02   1.8900000e+02
   1.1265300e+05   4.1811000e+04   7.3020000e+04   4.6595000e+04   6.0760000e+03   1.5090000e+03   1.5450000e+03   2.0400000e+02   2.1800000e+02   1.6900000e+02
   1.8862500e+05   6.9052000e+04   6.1199000e+04   2.8390000e+04   4.0710000e+03   2.1400000e+03   4.3100000e+02   1.8800000e+02   1.8200000e+02   2.0100000e+02
   6.0192000e+04   8.9720000e+04   2.8352000e+04   1.7032000e+04   3.4030000e+03   1.2040000e+03   3.8100000e+02   2.0600000e+02   1.7200000e+02   1.7000000e+02
   9.1254300e+05   1.5472900e+05   2.6638000e+04   4.3523000e+04   1.7670000e+04   1.6160000e+03   3.1500000e+02   2.2300000e+02   1.6500000e+02   1.7600000e+02
   1.0747800e+05   4.5183000e+04   2.1825000e+04   8.5550000e+03   1.0365000e+04   1.2510000e+03   6.3100000e+02   2.0000000e+02   1.6100000e+02   1.6100000e+02
   9.2753000e+04   1.0734100e+05   2.8988000e+04   1.8005000e+04   1.0051000e+04   1.3100000e+03   3.7400000e+02   2.1200000e+02   1.6000000e+02   1.6300000e+02
   4.9004600e+05   8.1858000e+04   6.9780000e+04   1.0951000e+04   2.5690000e+03   3.2020000e+03   4.4400000e+02   2.0400000e+02   1.6300000e+02   1.5700000e+02
   1.3112300e+05   4.1382000e+04   6.1594000e+04   1.2399000e+04   7.8920000e+03   2.0000000e+03   8.4900000e+02   1.9700000e+02   1.6000000e+02   1.6600000e+02
   2.2549500e+05   9.5619000e+04   4.5020000e+04   1.3273000e+04   5.3870000e+03   4.0750000e+03   3.7500000e+02   2.0600000e+02   1.7900000e+02   1.8200000e+02
   9.6105000e+04   3.4285000e+04   5.8913000e+04   4.4633000e+04   2.3170000e+03   2.3530000e+03   4.8600000e+02   1.8300000e+02   1.7400000e+02   1.8500000e+02
   2.7186500e+05   1.5213700e+05   5.6061000e+04   2.8436000e+04   1.1500000e+04   1.0170000e+03   3.7700000e+02   1.5900000e+02   1.9100000e+02   1.7200000e+02
   7.7983000e+04   3.1549600e+05   2.4682000e+04   4.0814000e+04   6.6780000e+03   6.2600000e+02   6.5700000e+02   1.9900000e+02   1.6900000e+02   1.6700000e+02
   1.7474900e+05   1.2798400e+05   4.7943000e+04   3.1612000e+04   4.0880000e+03   1.3390000e+03   5.0700000e+02   1.7500000e+02   1.8500000e+02   1.6200000e+02
   9.6152000e+04   4.7756000e+04   6.7063000e+04   1.3843000e+04   6.6360000e+03   1.6390000e+03   3.4600000e+02   2.4500000e+02   1.7600000e+02   1.7000000e+02
   8.5596000e+04   1.2937900e+05   3.2937000e+04   4.8392000e+04   5.3430000e+03   2.2690000e+03   6.9600000e+02   1.7400000e+02   1.4700000e+02   1.7200000e+02
   6.2537000e+04   8.5689000e+04   2.2602000e+04   2.3186000e+04   6.9660000e+03   2.0210000e+03   3.7900000e+02   1.8400000e+02   1.6800000e+02   1.6600000e+02
   1.5024200e+05   9.3979000e+04   2.7004000e+04   9.6730000e+03   6.1830000e+03   1.5540000e+03   3.2200000e+02   1.9400000e+02   1.7000000e+02   1.7400000e+02
   1.8733300e+05   1.4989100e+05   5.4851000e+04   1.0402000e+04   6.3010000e+03   2.2840000e+03   4.7200000e+02   1.8000000e+02   1.7300000e+02   1.5800000e+02
   2.1287800e+05   1.1334400e+05   5.3082000e+04   2.8940000e+04   5.3950000e+03   9.2200000e+02   4.3000000e+02   1.8500000e+02   1.7600000e+02   1.6900000e+02
   5.5555000e+04   4.2863000e+04   3.7191000e+04   1.6973000e+04   3.5700000e+03   1.1530000e+03   5.5800000e+02   1.8300000e+02   1.7600000e+02   1.9400000e+02
   1.2774900e+05   1.5414300e+05   4.9104000e+04   1.6777000e+04   8.6260000e+03   3.0460000e+03   3.7300000e+02   1.8700000e+02   1.9200000e+02   1.6600000e+02
   8.1954000e+04   1.9480700e+05   6.7486000e+04   1.5832000e+04   8.0370000e+03   9.9700000e+02   5.9800000e+02   2.0800000e+02   1.7100000e+02   1.6900000e+02
   4.3537500e+05   6.2194000e+04   3.6872000e+04   6.1579000e+04   1.2496000e+04   2.6230000e+03   3.2100000e+02   1.9100000e+02   1.6700000e+02   1.8500000e+02
   1.0660600e+05   1.1427680e+06   2.8044000e+04   1.2340000e+04   6.7090000e+03   1.4780000e+03   3.7600000e+02   2.0500000e+02   1.7300000e+02   1.6000000e+02
   9.8891000e+04   8.3955000e+04   2.1326000e+04   2.0696000e+04   6.1750000e+03   1.6510000e+03   2.9100000e+02   1.8700000e+02   1.7700000e+02   2.1300000e+02
   2.3701800e+05   5.3048000e+04   3.2856000e+04   3.1596000e+04   1.1687000e+04   1.9720000e+03   4.7100000e+02   1.9400000e+02   1.9500000e+02   1.8200000e+02
   3.0153400e+05   1.1352100e+05   4.9366000e+04   1.3746000e+04   1.3499000e+04   1.7050000e+03   6.1300000e+02   1.7200000e+02   1.9100000e+02   1.9900000e+02
   1.1513400e+05   8.3190000e+04   3.9276000e+04   2.6376000e+04   3.6260000e+03   2.3670000e+03   4.1600000e+02   2.0700000e+02   1.7400000e+02   1.9200000e+02
   1.6938600e+05   2.1388400e+05   6.0523000e+04   1.8999000e+04   4.6870000e+03   1.6900000e+03   6.7400000e+02   2.1100000e+02   1.9600000e+02   1.6800000e+02
   1.4691800e+05   4.0252000e+04   2.0929000e+04   2.2837000e+04   6.6310000e+03   1.4120000e+03   3.5300000e+02   1.8900000e+02   1.7300000e+02   1.9000000e+02
   2.7860000e+04   8.0029000e+04   2.7432000e+04   1.8125000e+04   4.6670000e+03   1.8390000e+03   3.9400000e+02   2.0300000e+02   1.7700000e+02   1.6200000e+02
   3.9387900e+05   1.7395300e+05   2.1080000e+04   3.1038000e+04   6.2950000e+03   1.6480000e+03   3.1300000e+02   2.1400000e+02   1.6400000e+02   1.8000000e+02
   2.2239100e+05   1.8300700e+05   1.7907000e+04   5.0828000e+04   1.2806000e+04   2.0810000e+03   5.0000000e+02   1.8200000e+02   1.6000000e+02   1.6800000e+02
   2.6588300e+05   4.4936000e+04   3.1534000e+04   2.1676000e+04   5.0240000e+03   2.9380000e+03   4.1900000e+02   1.8600000e+02   2.0000000e+02   1.7500000e+02
   5.7153300e+05   6.7317000e+04   1.1776500e+05   3.7555000e+04   4.6660000e+03   2.9670000e+03   3.7300000e+02   2.1300000e+02   1.6700000e+02   1.8500000e+02
   5.7275900e+05   8.4799000e+04   2.5528000e+04   2.2880000e+04   1.3789000e+04   2.6450000e+03   6.3400000e+02   1.7800000e+02   1.8100000e+02   2.0300000e+02
   1.6257800e+05   7.4081000e+04   2.6519000e+04   1.7423000e+04   1.2303000e+04   9.8200000e+02   3.9600000e+02   1.9500000e+02   1.7300000e+02   1.8800000e+02
   3.2992500e+05   7.7300000e+04   2.2843000e+04   2.1511000e+04   7.9000000e+03   1.7260000e+03   4.3700000e+02   2.4100000e+02   1.9000000e+02   1.7100000e+02
   9.9295000e+04   2.1153400e+05   2.5151000e+04   9.3900000e+03   9.7850000e+03   2.3330000e+03   3.5300000e+02   1.9000000e+02   1.6200000e+02   1.6800000e+02
   3.1881900e+05   1.8448200e+05   3.6936000e+04   1.5350000e+04   3.8430000e+03   1.1140000e+03   4.1100000e+02   1.9700000e+02   1.7500000e+02   1.7400000e+02
   1.1447700e+05   2.3852000e+04   1.8900000e+04   2.6634000e+04   8.4420000e+03   1.0270000e+03   4.9300000e+02   1.8600000e+02   1.8400000e+02   1.8600000e+02
   2.0594500e+05   4.0159000e+04   7.0707000e+04   3.2251000e+04   7.9670000e+03   1.2230000e+03   5.0600000e+02   1.9100000e+02   1.7700000e+02   1.7600000e+02
   1.7351700e+05   2.1441600e+05   6.1881000e+04   7.8980000e+03   1.0956000e+04   1.9030000e+03   5.5500000e+02   1.9200000e+02   1.9200000e+02   1.8300000e+02
   2.2949800e+05   1.4546000e+04   4.5286000e+04   2.2635000e+04   1.2251000e+04   2.3210000e+03   3.6200000e+02   1.7700000e+02   1.9900000e+02   1.9300000e+02
   8.5691000e+04   2.3122600e+05   4.6083000e+04   4.6781000e+04   4.4660000e+03   2.0990000e+03   2.8800000e+02   1.9800000e+02   1.7800000e+02   1.8400000e+02
   1.9082500e+05   4.1414000e+04   8.6328000e+04   1.9320000e+04   7.0380000e+03   1.2640000e+03   4.3400000e+02   2.1800000e+02   1.9100000e+02   1.7600000e+02
   1.1010300e+05   3.1514000e+04   7.7481000e+04   1.9443000e+04   5.7270000e+03   2.6330000e+03   2.8800000e+02   1.9800000e+02   1.9300000e+02   1.6900000e+02
   1.3274800e+05   7.4138000e+04   5.6195000e+04   1.4227000e+04   6.1700000e+03   3.6550000e+03   7.5500000e+02   2.0900000e+02   1.6700000e+02   1.7400000e+02
   3.3913200e+05   3.5945000e+04   3.0465000e+04   2.4006000e+04   1.3810000e+04   1.3800000e+03   4.1900000e+02   2.3300000e+02   1.8200000e+02   1.9300000e+02
   9.0587000e+04   9.9509000e+04   5.6761000e+04   1.9333000e+04   7.7970000e+03   1.3440000e+03   4.9600000e+02   1.8700000e+02   1.6900000e+02   1.5900000e+02
   7.0082000e+04   1.4185300e+05   3.3294000e+04   1.6661000e+04   8.9120000e+03   1.3290000e+03   1.1450000e+03   1.9400000e+02   1.5800000e+02   2.0600000e+02
   6.4890000e+04   5.0154000e+04   6.2266000e+04   2.2148000e+04   1.6963000e+04   8.7800000e+02   3.4600000e+02   1.9400000e+02   1.7600000e+02   1.7700000e+02
   1.2171800e+05   2.6889200e+05   5.4076000e+04   2.3246000e+04   6.0410000e+03   1.6080000e+03   4.7000000e+02   2.1200000e+02   1.8100000e+02   1.7300000e+02
   2.0315800e+05   8.3840000e+04   3.4875000e+04   2.3849000e+04   5.2300000e+03   1.5960000e+03   3.8900000e+02   2.0900000e+02   1.9600000e+02   1.9200000e+02
   1.0872500e+05   4.3738000e+04   3.1195000e+04   1.3431000e+04   1.1105000e+04   1.7560000e+03   5.7500000e+02   2.3200000e+02   1.8400000e+02   1.8100000e+02
   2.1486300e+05   9.3825000e+04   5.2128000e+04   1.2975000e+04   7.1210000e+03   3.2890000e+03   3.9300000e+02   1.8300000e+02   1.7600000e+02   1.9900000e+02
   7.4327000e+04   6.7756000e+04   7.7842000e+04   1.0145000e+04   6.7840000e+03   1.6070000e+03   3.7900000e+02   1.8100000e+02   1.7500000e+02   1.7800000e+02
   2.4142700e+05   3.1294000e+04   1.7335000e+04   1.3640000e+04   4.2060000e+03   1.5530000e+03   3.6400000e+02   1.6100000e+02   1.5600000e+02   1.7200000e+02
   1.3048800e+05   1.0395600e+05   6.9445000e+04   1.5439000e+04   6.7890000e+03   3.5950000e+03   3.7300000e+02   2.2700000e+02   1.8100000e+02   1.7000000e+02
   3.5691000e+05   5.4135000e+04   1.1875600e+05   1.1852000e+04   5.1370000e+03   2.8150000e+03   4.7200000e+02   1.8300000e+02   1.5900000e+02   1.9600000e+02
   8.7614000e+04   7.4534000e+04   2.7271000e+04   1.3452000e+04   6.3030000e+03   1.8260000e+03   3.3500000e+02   1.8300000e+02   1.9200000e+02   1.5200000e+02
   1.5137300e+05   1.3571600e+05   4.0844000e+04   1.6072000e+04   9.3270000e+03   1.3050000e+03   5.1900000e+02   2.1500000e+02   1.6500000e+02   1.6800000e+02
   6.7833000e+04   1.7744100e+05   2.7696000e+04   2.7113000e+04   4.4410000e+03   1.6920000e+03   3.5900000e+02   1.8300000e+02   1.5600000e+02   1.6800000e+02
   1.1866900e+05   6.4353000e+04   1.2156400e+05   7.7140000e+03   7.2060000e+03   1.1950000e+03   6.4600000e+02   1.9200000e+02   1.7100000e+02   1.8000000e+02
   2.1792600e+05   1.6332000e+05   3.0496000e+04   1.4180000e+04   2.8820000e+03   1.1920000e+03   3.3900000e+02   2.2600000e+02   1.7300000e+02   1.6400000e+02
   5.5461000e+04   2.2639700e+05   3.3813000e+04   1.8957000e+04   8.3870000e+03   2.0960000e+03   3.5500000e+02   2.0600000e+02   1.8400000e+02   2.1000000e+02
   1.0041400e+05   1.6271600e+05   3.9619000e+04   1.6787000e+04   5.9820000e+03   1.3030000e+03   3.3900000e+02   2.0200000e+02   1.7800000e+02   1.5400000e+02
   1.6261800e+05   4.7372000e+04   4.2315000e+04   1.7202000e+04   7.5130000e+03   1.5930000e+03   3.1900000e+02   1.9700000e+02   1.8100000e+02   1.6400000e+02
   2.1239300e+05   4.1019000e+04   3.8451000e+04   7.1120000e+03   3.1380000e+03   1.5450000e+03   3.9800000e+02   1.7400000e+02   1.7600000e+02   1.6900000e+02
   1.3665500e+05   1.2030700e+05   9.6623000e+04   4.4154000e+04   5.6600000e+03   1.8070000e+03   3.5500000e+02   2.0600000e+02   1.7200000e+02   1.5300000e+02
   2.2726800e+05   2.7221000e+04   3.6436000e+04   1.1968400e+05   3.2750000e+03   3.3430000e+03   5.7900000e+02   2.7700000e+02   1.7400000e+02   1.8400000e+02
   1.0668300e+05   2.2884000e+04   3.4683000e+04   1.1600000e+04   8.8170000e+03   3.1510000e+03   3.3400000e+02   2.0200000e+02   1.5200000e+02   2.0900000e+02
   8.5851400e+05   6.7972000e+04   6.1914000e+04   1.1468000e+04   5.9690000e+03   8.1800000e+02   4.3000000e+02   1.8400000e+02   1.8500000e+02   1.9700000e+02
   5.2883900e+05   4.9310000e+04   3.7365000e+04   4.3202000e+04   8.1700000e+03   2.4280000e+03   4.4400000e+02   2.0400000e+02   1.6400000e+02   1.8300000e+02
   4.2627000e+04   2.9789000e+04   1.8369000e+04   1.1200000e+04   6.8910000e+03   1.0650000e+03   5.0000000e+02   2.0200000e+02   1.5800000e+02   1.7300000e+02
   1.9694100e+05   1.4146900e+05   7.0201000e+04   4.0817000e+04   6.4930000e+03   6.3450000e+03   3.9200000e+02   1.8800000e+02   1.6200000e+02   1.7000000e+02
   1.0971400e+05   7.8091000e+04   3.5353000e+04   1.8983000e+04   1.1833000e+04   1.0740000e+03   4.3300000e+02   1.8900000e+02   1.8500000e+02   1.7000000e+02
   2.8758300e+05   1.0244900e+05   3.6075000e+04   1.9873000e+04   1.7271000e+04   1.7940000e+03   5.3700000e+02   2.1600000e+02   1.7900000e+02   1.8200000e+02
   9.6040000e+04   1.8135100e+05   2.0452000e+04   1.5479000e+04   4.4990000e+03   1.4370000e+03   2.9700000e+02   2.1700000e+02   1.7600000e+02   1.8200000e+02
   2.4417700e+05   6.1483000e+04   3.5314000e+04   3.2682000e+04   4.9800000e+03   1.9430000e+03   4.1300000e+02   1.9200000e+02   1.7700000e+02   1.6900000e+02
   1.1561400e+05   6.0474000e+04   2.4652000e+04   2.7921000e+04   7.5660000e+03   1.1400000e+03   3.4300000e+02   2.2700000e+02   1.8500000e+02   1.8900000e+02
   1.8100500e+05   2.6936500e+05   2.1155000e+04   1.2273000e+04   1.0895000e+04   4.8890000e+03   3.3800000e+02   1.8900000e+02   1.6100000e+02   1.6700000e+02
   7.5632000e+04   6.8352000e+04   3.6664300e+05   1.5105000e+04   9.9830000e+03   2.8980000e+03   7.0300000e+02   2.4000000e+02   1.9200000e+02   1.5500000e+02
   1.8932100e+05   2.5272300e+05   2.2508000e+04   1.4823000e+04   1.0643000e+04   2.1150000e+03   4.0000000e+02   1.8400000e+02   1.7100000e+02   2.0300000e+02
   8.1036200e+05   5.6934000e+04   4.8848000e+04   1.5146000e+04   3.2048000e+04   1.3580000e+03   4.2500000e+02   1.8800000e+02   1.8200000e+02   1.7500000e+02
   1.6625200e+05   1.1284400e+05   2.7994000e+04   1.0100000e+04   1.2371000e+04   1.2660000e+03   9.7600000e+02   1.6700000e+02   1.5600000e+02   1.6900000e+02
   3.0567500e+05   6.8097000e+04   2.5531000e+04   9.4403000e+04   9.2610000e+03   1.0890000e+03   3.5600000e+02   2.0300000e+02   1.6900000e+02   1.6900000e+02
   3.5690700e+05   5.4049000e+04   3.1884000e+04   8.5140000e+03   8.9910000e+03   3.3070000e+03   3.5700000e+02   1.8400000e+02   1.8400000e+02   1.6500000e+02
   8.0919000e+04   4.5837000e+04   3.5630000e+04   1.2802000e+04   6.1520000e+03   9.1900000e+02   3.3900000e+02   1.8500000e+02   1.7300000e+02   1.9600000e+02
   1.6126000e+05   5.6645000e+04   3.5443000e+04   2.3490000e+04   5.2840000e+03   3.6760000e+03   5.1400000e+02   2.1400000e+02   1.6800000e+02   1.6700000e+02
   6.8579000e+05   5.0057000e+04   2.6723000e+04   1.4037000e+04   6.1270000e+03   3.7710000e+03   5.7100000e+02   1.7100000e+02   1.8100000e+02   1.6700000e+02
   1.3283800e+05   1.6231100e+05   2.6974000e+04   2.5510900e+05   2.2941000e+04   2.8710000e+03   4.0800000e+02   1.9400000e+02   1.7300000e+02   1.6800000e+02
   1.0108400e+05   8.3103000e+04   2.3317000e+04   4.4652000e+04   7.8250000e+03   1.3330000e+03   3.4800000e+02   2.0700000e+02   2.0400000e+02   1.7300000e+02
   1.9663600e+05   8.9898000e+04   1.8031000e+05   1.3387000e+04   1.1303000e+04   8.1800000e+02   7.0800000e+02   1.9000000e+02   1.5600000e+02   1.7200000e+02
