   1.2052650e+01   9.7549443e+00   1.3285624e+01   2.1029525e+00   1.2347706e+00   3.9852170e-01   8.2704100e-02   3.9943700e-02   3.7057300e-02   3.2641300e-02
   1.6069705e+01   2.8295956e+01   6.5751167e+00   2.5595197e+00   1.2874830e+00   2.8062950e-01   6.9408400e-02   3.3854300e-02   3.6376700e-02   3.4882200e-02
   1.1793768e+01   1.2876155e+01   3.1168163e+00   2.4049943e+00   1.0844970e+00   2.4517440e-01   5.3075500e-02   3.3266800e-02   3.2086700e-02   3.3031100e-02
   5.3862841e+01   1.3331670e+01   6.1527874e+00   3.4097667e+00   1.0555596e+00   5.0374940e-01   7.7190500e-02   3.4814800e-02   3.5607000e-02   3.5778700e-02
   1.8533469e+01   1.3293346e+01   1.8009362e+01   3.6796137e+00   1.0001966e+00   2.3289360e-01   7.7234700e-02   3.3262400e-02   3.3998800e-02   3.4143600e-02
   5.1752352e+01   8.8168472e+00   4.6728400e+00   1.3259592e+00   1.5602562e+00   4.2769230e-01   5.8444800e-02   3.5739900e-02   3.3443800e-02   3.6095100e-02
   2.1116630e+01   6.0437172e+00   9.6665892e+00   5.8422225e+00   8.2958400e-01   2.1163920e-01   2.3644720e-01   3.7270400e-02   3.8638900e-02   3.3203600e-02
   3.1309333e+01   9.1810541e+00   8.1174830e+00   3.8072872e+00   5.9090290e-01   2.8157360e-01   7.1433600e-02   3.5114100e-02   3.5172200e-02   3.6516200e-02
   9.8828216e+00   1.1731551e+01   3.8904969e+00   2.3509637e+00   4.7059010e-01   1.7437480e-01   6.2847800e-02   3.8131500e-02   3.1769400e-02   3.3486100e-02
   1.2316574e+02   2.0938911e+01   3.5371596e+00   5.7015398e+00   2.3287195e+00   2.1337260e-01   5.2350100e-02   3.8249300e-02   3.3441200e-02   3.2633300e-02
   1.5722300e+01   5.9629920e+00   2.9693202e+00   1.1024017e+00   1.3121811e+00   1.7809070e-01   9.4190400e-02   3.6772800e-02   3.2445200e-02   3.1962200e-02
   1.4231859e+01   1.3731786e+01   3.7435060e+00   2.3769683e+00   1.3637466e+00   1.7877530e-01   6.3874000e-02   3.9474300e-02   3.4057300e-02   3.1810100e-02
   6.9476243e+01   1.0280137e+01   8.6714164e+00   1.5715399e+00   3.5548100e-01   4.2396120e-01   6.8998900e-02   3.6689300e-02   3.1574700e-02   3.2796000e-02
   1.8165352e+01   5.6853559e+00   7.7284383e+00   1.6872170e+00   1.0939387e+00   2.7803820e-01   1.1874020e-01   3.9650500e-02   3.4515400e-02   3.1729300e-02
   3.1712690e+01   1.2455269e+01   5.6266097e+00   1.7862372e+00   7.0603360e-01   5.8214730e-01   6.2155200e-02   3.8534600e-02   3.6430600e-02   3.4673000e-02
   1.3372451e+01   4.5398136e+00   7.5271148e+00   5.8872501e+00   3.1215190e-01   3.0189420e-01   7.9088400e-02   3.4611700e-02   3.3634800e-02   3.3774700e-02
   3.7314627e+01   1.8811538e+01   7.1639778e+00   3.4922415e+00   1.7024296e+00   1.4186730e-01   6.1339400e-02   3.1938800e-02   3.5271100e-02   3.3661500e-02
   1.0861229e+01   4.1199398e+01   3.2245890e+00   5.3088522e+00   9.1673020e-01   9.4411400e-02   9.2844800e-02   3.6258500e-02   3.3121900e-02   3.2101000e-02
   2.4551547e+01   1.6259444e+01   7.0546640e+00   4.1940478e+00   5.5089640e-01   1.8572630e-01   7.8255800e-02   3.4165200e-02   3.5304000e-02   3.2645000e-02
   1.3544216e+01   6.1584437e+00   8.7193131e+00   1.8163379e+00   8.5799050e-01   2.2237060e-01   5.7164000e-02   4.3460500e-02   3.4151300e-02   3.4078900e-02
   1.2039476e+01   1.6638589e+01   4.2057228e+00   6.2098840e+00   7.0466790e-01   3.1390170e-01   1.0525940e-01   3.4183000e-02   3.0434800e-02   3.2928800e-02
   8.6317665e+00   1.1492361e+01   2.9858046e+00   2.8273391e+00   8.6848770e-01   2.7818430e-01   6.4255400e-02   3.4616100e-02   3.2875000e-02   3.4452200e-02
   2.0151772e+01   1.2337089e+01   3.5850492e+00   1.2566027e+00   7.8260060e-01   2.3485930e-01   5.2416600e-02   3.5763800e-02   3.2565100e-02   3.3135400e-02
   2.5472528e+01   1.9489964e+01   7.4329322e+00   1.3490920e+00   7.8702780e-01   3.3082060e-01   7.9783500e-02   3.4584300e-02   3.2555200e-02   3.1931000e-02
   2.8917854e+01   1.4940698e+01   7.0525848e+00   3.9331540e+00   6.9586590e-01   1.4379940e-01   6.6616900e-02   3.5351900e-02   3.4469700e-02   3.2530500e-02
   7.2199211e+00   5.3875077e+00   4.9518543e+00   2.1955898e+00   5.1712460e-01   1.6351130e-01   9.6567300e-02   3.6246000e-02   3.4579200e-02   3.5735000e-02
   1.6961333e+01   1.9655957e+01   6.3696889e+00   2.0716451e+00   1.2220530e+00   4.0913820e-01   6.1727900e-02   3.6089200e-02   3.5519700e-02   3.2421100e-02
   1.0973983e+01   2.4653040e+01   8.7318963e+00   2.1057590e+00   1.0001636e+00   1.3717930e-01   9.4559400e-02   3.7473100e-02   3.2912500e-02   3.2404800e-02
   5.9952348e+01   8.1051749e+00   5.3138302e+00   7.6096190e+00   1.5721050e+00   3.9287330e-01   5.5477900e-02   3.5695200e-02   3.3034800e-02   3.6669100e-02
   1.4873810e+01   1.4661852e+02   3.6181545e+00   1.5796587e+00   9.5292370e-01   2.0691760e-01   6.0346700e-02   3.8553500e-02   3.3449800e-02   3.2289200e-02
   1.3533077e+01   1.0536374e+01   2.9532151e+00   2.5824075e+00   8.4754550e-01   2.1547540e-01   4.9379300e-02   3.4269800e-02   3.2775400e-02   3.8172100e-02
   3.1964504e+01   6.7050626e+00   4.5137409e+00   4.0209403e+00   1.5037074e+00   2.5851010e-01   7.0165500e-02   3.5413100e-02   3.5917300e-02   3.4932900e-02
   4.0775472e+01   1.4540302e+01   6.0704309e+00   1.8022733e+00   1.7298052e+00   2.3882040e-01   9.0717900e-02   3.5196100e-02   3.9844200e-02   3.8821000e-02
   1.5399569e+01   1.0601543e+01   4.9296823e+00   3.3830849e+00   4.7044650e-01   3.1305030e-01   7.8164400e-02   3.7665100e-02   3.3679900e-02   3.5154000e-02
   2.4770836e+01   2.7210830e+01   7.8270484e+00   2.4998001e+00   6.0516070e-01   2.3682890e-01   1.1258780e-01   3.9863200e-02   3.5660700e-02   3.4771800e-02
   2.1205023e+01   5.0671881e+00   2.7248999e+00   2.9156940e+00   8.6006300e-01   2.1511910e-01   6.3019800e-02   3.9254100e-02   3.3073500e-02   3.7219900e-02
   3.8567831e+00   1.0602196e+01   3.6599007e+00   2.2742423e+00   6.0522620e-01   2.5261720e-01   6.1935100e-02   3.7358800e-02   3.3802800e-02   3.4356200e-02
   5.1339220e+03   2.2821851e+01   2.6733873e+00   4.0068596e+00   8.2624190e-01   2.5244420e-01   5.1911700e-02   3.9163100e-02   3.1694100e-02   3.5535100e-02
   3.4498543e+01   2.3119888e+01   2.2441655e+00   6.4649154e+00   1.6202412e+00   2.8929460e-01   7.7653500e-02   3.5176000e-02   3.2055700e-02   3.3063100e-02
   4.5188662e+01   5.7987264e+00   4.0113572e+00   2.8691165e+00   6.7303630e-01   4.3962180e-01   6.6315700e-02   3.4294500e-02   3.8589800e-02   3.4315000e-02
   7.4741610e+01   8.7427515e+00   1.5223598e+01   4.7184272e+00   6.0305130e-01   3.6837280e-01   6.1190100e-02   3.7827400e-02   3.4893000e-02   3.5423200e-02
   7.3332752e+01   1.0786399e+01   3.4930021e+00   2.9787544e+00   1.8657462e+00   3.5314570e-01   9.7314900e-02   3.3386800e-02   3.3083300e-02   3.9209600e-02
   2.1185211e+01   9.4375497e+00   3.4777170e+00   2.3035878e+00   1.7320888e+00   1.3741880e-01   5.8337300e-02   3.5618900e-02   3.5739200e-02   3.5142600e-02
   4.2276746e+01   9.7402737e+00   3.2079156e+00   2.9357666e+00   1.0177534e+00   2.5597440e-01   6.6956400e-02   4.2002900e-02   3.5982800e-02   3.3863100e-02
   1.3096835e+01   2.7946008e+01   3.2903109e+00   1.1954072e+00   1.3522718e+00   3.1762900e-01   5.6815900e-02   3.6358000e-02   3.1113200e-02   3.2587200e-02
   4.1854314e+01   2.3181631e+01   4.7684755e+00   2.0867753e+00   5.7384370e-01   1.6730450e-01   6.7645600e-02   3.8482500e-02   3.4215000e-02   3.3393800e-02
   1.4467578e+01   3.2519546e+00   2.5471186e+00   3.4164314e+00   1.0810735e+00   1.5478590e-01   7.2863500e-02   3.5474600e-02   3.4877200e-02   3.4539400e-02
   2.6147099e+01   5.0197913e+00   9.4549871e+00   3.9548925e+00   1.0512473e+00   1.7825030e-01   7.7466900e-02   3.5821200e-02   3.5046800e-02   3.2327400e-02
   2.2615477e+01   2.7030957e+01   8.0482461e+00   1.0243140e+00   1.8687587e+00   2.5446460e-01   8.8909400e-02   3.4851600e-02   3.5022500e-02   3.8092400e-02
   2.9918005e+01   1.8426537e+00   5.8000901e+00   3.0066763e+00   1.5800366e+00   3.5435280e-01   5.7210200e-02   3.3391400e-02   4.2084200e-02   3.8727800e-02
   1.0899597e+01   2.9672312e+01   5.6324514e+00   6.2930380e+00   5.7693120e-01   2.8011810e-01   4.8542400e-02   3.7320600e-02   3.4795600e-02   3.4392300e-02
   2.4709331e+01   5.4387039e+00   1.1432389e+01   2.3669687e+00   9.2437110e-01   2.0805580e-01   6.4747100e-02   3.9306800e-02   3.4142100e-02   3.4292900e-02
   1.4278143e+01   4.1577913e+00   1.0267480e+01   2.6646651e+00   7.3089760e-01   3.5306250e-01   4.8672200e-02   3.8144100e-02   3.5817600e-02   3.2502100e-02
   1.7109191e+01   9.8658529e+00   7.1941838e+00   1.8542957e+00   8.3855390e-01   4.9289790e-01   1.0243180e-01   3.7618300e-02   3.5326200e-02   3.3999200e-02
   4.3953752e+01   4.8855093e+00   3.9445500e+00   3.0590703e+00   1.9147287e+00   2.0209430e-01   6.5208700e-02   4.2350400e-02   3.5810800e-02   3.6444600e-02
   1.1379197e+01   1.3229930e+01   7.4826824e+00   2.4362980e+00   1.1131055e+00   1.9402500e-01   8.2575700e-02   3.5480400e-02   3.2059800e-02   3.2056300e-02
   8.9887867e+00   1.8083635e+01   4.1876601e+00   2.0822068e+00   1.2033722e+00   1.8481580e-01   1.8548650e-01   3.5707800e-02   3.1483200e-02   3.7619700e-02
   8.8004601e+00   6.5258998e+00   8.0089655e+00   2.8022683e+00   2.1374846e+00   1.2204630e-01   5.5805800e-02   3.5838400e-02   3.5115600e-02   3.3985000e-02
   1.5440296e+01   3.4666684e+01   7.0546291e+00   2.9081592e+00   9.2774140e-01   2.2042150e-01   7.2869700e-02   3.9329300e-02   3.4097700e-02   3.2938600e-02
   2.6427065e+01   1.0833091e+01   4.5402958e+00   2.9792434e+00   8.0265440e-01   2.2763480e-01   6.4657800e-02   3.7751300e-02   3.4884900e-02   3.5745500e-02
   1.5456028e+01   5.6220327e+00   4.3498740e+00   1.7507629e+00   1.7000053e+00   2.3925180e-01   8.5371300e-02   4.1027700e-02   3.3838600e-02   3.4089700e-02
   2.7873594e+01   1.2250465e+01   6.5874253e+00   1.7492611e+00   9.6408860e-01   4.9033260e-01   6.1530000e-02   3.4788800e-02   3.3194500e-02   3.8791900e-02
   9.6997902e+00   8.8880772e+00   1.0068960e+01   1.2884717e+00   1.0490349e+00   2.2750010e-01   6.2297900e-02   3.4011400e-02   3.2873800e-02   3.5465900e-02
   3.0728281e+01   3.8376699e+00   2.1543851e+00   1.7926486e+00   5.7091710e-01   2.1795370e-01   5.8107300e-02   3.2064500e-02   3.1140400e-02   3.3084900e-02
   1.7284678e+01   1.3354808e+01   8.5555447e+00   2.0333061e+00   9.4671550e-01   5.0744710e-01   5.9626200e-02   4.1083900e-02   3.5848000e-02   3.4158300e-02
   4.5435385e+01   6.9224378e+00   1.4963298e+01   1.4645807e+00   7.3655930e-01   3.7213490e-01   7.4251200e-02   3.5084600e-02   3.1684700e-02   3.5834300e-02
   1.1457660e+01   9.8176541e+00   3.4117089e+00   1.8771148e+00   8.4608230e-01   2.4570580e-01   5.5107400e-02   3.5165900e-02   3.4778600e-02   2.9816500e-02
   2.0421741e+01   1.7880924e+01   5.4035271e+00   1.9870369e+00   1.2126495e+00   1.7410230e-01   7.6866600e-02   4.0060200e-02   3.1594400e-02   3.2614300e-02
   9.0013238e+00   2.3410489e+01   3.5674031e+00   3.6996101e+00   6.7161390e-01   2.4580010e-01   5.6974200e-02   3.5439700e-02   3.1301100e-02   3.2267100e-02
   1.5520873e+01   9.2415210e+00   1.5311304e+01   1.0491678e+00   9.7183280e-01   1.6910890e-01   9.4585400e-02   3.5363800e-02   3.3708300e-02   3.4331400e-02
   2.7609977e+01   2.2161283e+01   3.8672655e+00   1.9579542e+00   4.4341160e-01   1.6366990e-01   5.3675100e-02   4.0531000e-02   3.2355200e-02   3.1826600e-02
   7.2231762e+00   2.9621181e+01   4.5361529e+00   2.7233803e+00   1.0474828e+00   2.8609750e-01   6.2702500e-02   3.8531400e-02   3.5517300e-02   3.8036100e-02
   1.2883153e+01   2.0769158e+01   4.9619225e+00   2.1488626e+00   8.2690010e-01   1.8710830e-01   5.2614600e-02   3.7899900e-02   3.3867100e-02   3.2563600e-02
   2.1265927e+01   6.2840784e+00   5.9875575e+00   2.2572984e+00   1.0319324e+00   2.2153530e-01   5.2507100e-02   3.6254600e-02   3.4004100e-02   3.2176600e-02
   2.9226595e+01   5.6217312e+00   4.9708974e+00   9.3442810e-01   4.0696330e-01   2.2262850e-01   6.2721800e-02   3.6019700e-02   3.3193400e-02   3.2372600e-02
   1.8997256e+01   1.5238040e+01   1.2525448e+01   5.9372058e+00   7.2869550e-01   2.6779610e-01   5.7251200e-02   3.6440200e-02   3.3284800e-02   3.0823000e-02
   3.1283520e+01   3.5650500e+00   5.0268590e+00   1.6289932e+01   4.4737490e-01   4.9578930e-01   8.8362000e-02   4.6538100e-02   3.4837900e-02   3.3910300e-02
   1.4993203e+01   2.9543163e+00   4.3329292e+00   1.5272058e+00   1.2242006e+00   4.3875200e-01   5.3390000e-02   3.7591000e-02   3.0676600e-02   3.9439300e-02
   1.1686458e+02   8.6027974e+00   8.8340217e+00   1.5619175e+00   8.3879300e-01   1.1731780e-01   6.5116200e-02   3.5068000e-02   3.4533500e-02   3.7043600e-02
   6.7138144e+01   6.6575288e+00   4.9843830e+00   5.5621370e+00   1.0646387e+00   3.1949150e-01   6.6449700e-02   3.8750100e-02   3.0952700e-02   3.7271200e-02
   5.5425959e+00   3.8910067e+00   2.3820965e+00   1.4679806e+00   8.9707470e-01   1.5268830e-01   8.3118600e-02   3.8828700e-02   3.0818600e-02   3.6206200e-02
   2.6029117e+01   1.8842063e+01   8.6109694e+00   5.2309486e+00   8.3820810e-01   8.1542430e-01   6.0832200e-02   3.8760800e-02   3.1416400e-02   3.3717700e-02
   1.4239604e+01   1.0062127e+01   4.6483701e+00   2.4610237e+00   1.6583832e+00   1.5724300e-01   7.0494800e-02   3.5481400e-02   3.4567900e-02   3.2897800e-02
   3.7206692e+01   1.3911653e+01   4.6289521e+00   2.5695429e+00   2.1781200e+00   2.5538250e-01   8.0850500e-02   3.7722800e-02   3.4507000e-02   3.4894800e-02
   1.2456107e+01   2.3041856e+01   2.8254475e+00   1.9537923e+00   5.9368710e-01   2.0105130e-01   5.0327400e-02   3.8060900e-02   3.3465900e-02   3.4152600e-02
   3.0956318e+01   8.0277532e+00   4.7084824e+00   4.0557756e+00   6.5607950e-01   2.6152960e-01   6.5400300e-02   3.7030000e-02   3.3581700e-02   3.3597400e-02
   1.4816548e+01   8.0800131e+00   3.2832081e+00   3.6097162e+00   9.6114730e-01   1.6200980e-01   5.9953400e-02   4.0406100e-02   3.6680300e-02   3.5285200e-02
   2.3531624e+01   3.5176586e+01   2.7422397e+00   1.8575564e+00   1.4971336e+00   6.0414670e-01   5.9418600e-02   3.5464100e-02   3.3486000e-02   3.2371800e-02
   9.7778735e+00   8.7333216e+00   4.8118086e+01   2.1350648e+00   1.4676862e+00   3.9298630e-01   1.0740410e-01   4.3172600e-02   3.5995000e-02   3.1168800e-02
   2.3706165e+01   3.3263730e+01   3.0017542e+00   2.0592044e+00   1.3185730e+00   2.7347800e-01   6.2747900e-02   3.6648800e-02   3.3709400e-02   3.7655800e-02
   1.0388167e+02   7.0850488e+00   6.2627159e+00   2.0049381e+00   4.1979860e+00   1.7991850e-01   6.8452100e-02   3.7170400e-02   3.4254500e-02   3.5201600e-02
   2.1669934e+01   1.4572817e+01   3.5706808e+00   1.2950858e+00   1.5570281e+00   1.7953830e-01   1.3711030e-01   3.3416900e-02   3.1568600e-02   3.8816500e-02
   3.9242866e+01   9.1396574e+00   3.5499411e+00   1.2560023e+01   1.1372512e+00   1.5015870e-01   5.7465100e-02   4.0073600e-02   3.2379600e-02   3.5800700e-02
   4.6450160e+01   6.9709875e+00   4.1290715e+00   1.1204194e+00   1.1624931e+00   4.4536680e-01   5.9243600e-02   3.7139500e-02   3.4340100e-02   3.9102300e-02
   1.0041866e+01   5.7537237e+00   4.5379973e+00   1.5945080e+00   8.0318850e-01   1.3516070e-01   5.6989600e-02   3.6503700e-02   3.2105100e-02   3.6764700e-02
   2.0880039e+01   7.2936729e+00   4.7254032e+00   2.9993008e+00   6.7653480e-01   5.2743560e-01   7.8805000e-02   4.1003800e-02   3.2651300e-02   3.0206300e-02
   8.7951301e+01   6.6979058e+00   3.6847325e+00   1.8629952e+00   8.5517030e-01   4.9347790e-01   8.4080500e-02   3.4668200e-02   3.5091300e-02   3.4745900e-02
   1.8353005e+01   2.0446088e+01   3.5405959e+00   3.3395568e+01   3.0929456e+00   3.7826000e-01   6.6722900e-02   3.7636500e-02   3.5509300e-02   3.3631900e-02
   1.3386591e+01   1.0639356e+01   2.9499720e+00   5.7524837e+00   9.9579850e-01   1.8976360e-01   5.6329400e-02   3.9795600e-02   3.6536200e-02   3.5750400e-02
   2.4391810e+01   1.1559444e+01   2.3476930e+01   1.8245228e+00   1.4793044e+00   1.2270300e-01   1.1587160e-01   3.7379200e-02   3.1592900e-02   3.5878800e-02
