   3.4788104e-02   2.2064705e-02   2.9537476e-02   6.6831603e-03   7.8137987e-04   4.4813597e-04   4.2667688e-05   4.7367262e-05   7.0389357e-07   5.5696788e-07
   3.7867017e-02   8.7235496e-01   1.1700310e-02   7.5299098e-03   6.9278042e-02   9.9377143e-04   3.1195617e-04   6.9020888e-07   1.1697519e-06   6.0855474e-07
   1.2023543e-02   2.9877595e-02   3.0359205e-02   5.8828890e-02   7.2810172e-04   1.7136064e-04   5.9099362e-06   1.8197192e-06   5.3472921e-07   8.0584254e-07
   4.9833455e-01   5.8741231e-02   1.8014928e-02   5.2253864e-03   3.2799257e-02   3.6662632e-03   3.5012342e-05   5.6829134e-06   7.9602417e-07   5.5283681e-07
   5.2647306e-02   1.3392310e-01   4.1080729e-01   1.0022729e-02   5.3130779e-04   4.4124908e-03   1.9908809e-04   1.1477236e-06   6.5120014e-07   8.1200152e-07
   2.2504940e-01   5.3714368e-02   2.4720544e-02   2.8250112e-03   7.0475215e-03   5.1181472e-04   2.2886760e-04   9.3920941e-07   8.5961357e-07   9.0972067e-07
   3.3372251e-02   4.3017690e-02   3.4972194e-02   6.4713832e-03   8.2316670e-04   2.4745930e-04   1.0319988e-03   1.8189035e-06   9.0810418e-07   6.0741373e-07
   7.0840484e-02   8.2120445e-02   2.2841959e-02   4.4040338e-03   7.2551028e-03   4.2275111e-04   4.5472171e-05   4.2193294e-06   8.2844874e-07   7.0637226e-07
   3.9507312e-02   3.3013493e-02   1.4810338e-02   6.1086044e-03   4.5565202e-03   1.8090437e-03   2.0533711e-05   1.4733109e-05   6.0970360e-07   1.0006417e-06
   1.3092625e+00   4.1637856e-01   1.4199382e-02   1.2603341e-02   2.9262355e-02   1.1924155e-04   1.6286003e-05   1.7067409e-06   5.1337174e-07   1.4911593e-06
   9.7159907e-02   3.6461841e-03   1.0927338e-02   1.5792845e-03   1.4446477e-03   1.9344595e-04   1.0494882e-04   2.1879604e-06   8.0396286e-07   6.1485312e-07
   5.2281753e-02   2.5717813e-02   8.6292156e-03   2.3136713e-03   3.2022761e-03   1.2444589e-04   4.4838096e-04   9.8445369e-07   1.5631310e-06   4.7928977e-07
   4.9608603e-01   1.2664820e-01   4.6123946e-02   8.9994378e-04   1.1261896e-03   7.0271264e-04   3.2078802e-04   1.8978295e-05   8.3292072e-07   7.2755480e-07
   1.0384287e-01   4.7494344e-03   5.5698921e-03   2.6185579e-03   2.1932366e-02   3.3001353e-04   9.4178873e-05   1.4360821e-05   6.9436889e-07   6.7548334e-07
   1.1934647e-01   6.6587972e-02   2.5827027e-02   2.8508516e-03   7.1742393e-04   4.7993460e-04   3.5174640e-05   1.0952681e-06   6.5009166e-07   9.3572924e-07
   4.9994112e-02   1.4639306e-02   3.4263407e-02   1.3817235e-01   1.8505821e-03   3.4579405e-04   5.3964879e-04   7.5926345e-06   1.1155816e-06   6.4234482e-07
   4.4727468e-02   1.0360111e-02   2.9865436e-02   2.7079125e-03   8.9636705e-03   1.4331563e-04   5.0666979e-05   2.0509353e-06   8.1305727e-07   7.6635330e-07
   3.0191807e-02   3.4484787e-01   1.9623369e-03   1.7552074e-03   1.2886195e-02   6.4353537e-04   4.4254003e-05   2.8779725e-06   7.8244180e-07   5.7275507e-07
   2.9350892e-01   4.1195548e-02   4.1825393e-02   2.3761918e-02   8.1470773e-04   1.1545418e-03   5.8805071e-05   9.1320171e-06   6.4900212e-07   6.2807445e-07
   6.1973771e-02   1.0456729e-02   1.5838105e-02   1.4637296e-02   1.7013493e-03   1.1934083e-03   9.7304589e-05   2.3434615e-05   8.9080859e-07   5.7705034e-07
   4.6580872e-02   3.6938518e-02   4.2389633e-03   8.1744320e-02   7.2761984e-03   3.8537133e-03   1.7805001e-04   1.0794008e-06   6.5341747e-07   5.7042385e-07
   4.6702431e-02   4.7109273e-02   1.3107372e-02   1.2921860e-02   5.5049688e-02   6.0569890e-04   5.9228594e-05   2.1263270e-06   6.9670521e-07   5.5842408e-07
   9.6892610e-02   8.2042522e-02   1.9438558e-02   1.3947626e-02   2.2850323e-03   8.3369712e-03   2.7483969e-06   4.0925823e-06   5.6706132e-07   6.2700800e-07
   1.0577645e-01   4.6488546e-02   2.4534725e-02   8.7836379e-03   5.4368158e-04   7.3870388e-04   5.0680401e-03   6.8221231e-06   4.8826847e-07   7.8055495e-07
   1.4066240e-01   6.9295801e-02   7.0817176e-02   1.1418279e-01   2.6804745e-03   1.0513586e-03   8.5198379e-05   1.1801582e-06   8.3105389e-07   8.8402423e-07
   4.1427574e-02   4.0487326e-03   3.1547475e-02   1.7801988e-03   1.7773392e-03   8.0649484e-05   4.9580414e-04   3.2390411e-06   9.9265734e-07   8.3608686e-07
   4.7101435e-02   1.0156468e-01   9.5100297e-02   8.4982578e-04   7.7337926e-03   4.2397880e-04   3.2084466e-05   4.8148124e-06   7.3266736e-07   8.4545973e-07
   2.0986590e-02   6.8680549e-02   2.2430748e-02   3.5542263e-03   3.1333171e-03   2.1004675e-02   3.7825987e-04   1.1266906e-04   8.6306352e-07   8.6297571e-07
   4.5295609e-01   2.0238565e-02   1.8973294e-02   2.5722678e-03   1.5594790e-03   4.9712412e-03   1.6791595e-04   2.5876682e-06   5.6819779e-07   1.0617648e-06
   4.4279435e-02   3.5612785e+00   2.6921129e-02   1.3620838e-03   3.0528503e-02   2.6857182e-04   3.8441073e-04   2.4599565e-06   6.3236547e-07   5.9449303e-07
   3.6495548e-02   3.9185002e-02   9.1885662e-03   3.2834978e-03   1.1726515e-03   1.5831082e-03   5.4643979e-05   2.1168393e-06   9.2209076e-07   7.0989364e-07
   5.1486426e-01   1.7127583e-01   1.0546661e-02   8.2389785e-03   1.0022414e-03   7.4987116e-05   1.4853757e-04   1.0353096e-06   8.7643669e-07   8.3188572e-07
   8.2175602e-01   5.7615620e-02   6.3071873e-03   3.7409709e-03   8.3380672e-03   3.0708539e-04   8.1888692e-04   2.5724425e-06   7.8164833e-07   6.9085886e-07
   4.2042084e-02   3.1523426e-02   8.1696603e-03   1.5532954e-02   3.4370442e-04   1.8071527e-02   2.9047690e-03   2.0956004e-06   8.7605794e-07   7.2126834e-07
   7.9908112e-02   5.0940133e-02   2.4834635e-01   1.3391024e-03   7.5151761e-04   5.7518644e-03   1.9251965e-03   2.1243227e-06   8.6113672e-07   6.3644359e-07
   1.5123607e-01   2.2601315e-02   7.2652259e-03   4.0259544e-03   4.6438710e-02   4.0794203e-04   1.3440489e-05   1.7022841e-06   5.7006717e-07   6.7647741e-07
   1.0832405e-02   5.9897653e-02   9.8236170e-03   4.1116335e-03   5.9217097e-04   1.2481164e-03   7.3536100e-05   1.2206147e-06   8.4328804e-07   7.9663904e-07
   9.0177144e-02   1.5009452e-01   6.5890609e-03   5.7173535e-03   2.1866977e-03   3.4595856e-04   1.5473706e-05   2.2984656e-06   8.5306975e-07   1.1298032e-06
   3.5840383e-01   3.6666993e-02   4.2047956e-03   8.0347188e-03   1.8997463e-03   3.2172831e-04   8.3573800e-05   1.3404886e-06   5.9492926e-07   6.0092503e-07
   3.3450690e-01   4.0932239e-03   1.8595631e-02   8.0732479e-03   3.4369251e-03   1.5677224e-03   2.9261721e-04   1.0559114e-06   6.8525194e-07   1.1248708e-06
   4.4223191e-01   2.4445226e-02   2.5463163e-02   7.7203637e-03   7.7252250e-04   5.0457296e-04   1.1964839e-05   1.2149900e-06   6.5339267e-07   6.6155805e-07
   1.4161681e+00   2.7069487e-02   8.5855956e-03   7.3773089e-03   1.9782502e-02   1.2542949e-03   1.1333516e-03   9.1835752e-07   8.2554694e-07   7.4547468e-07
   1.2341851e-01   1.8212044e-02   8.8979843e-03   2.5680999e-03   3.5979332e-02   7.4851531e-04   1.1892491e-03   8.1715391e-07   1.1077695e-06   9.4223853e-07
   7.9237242e-02   3.7906071e-02   2.2885864e-02   1.3361369e-02   4.4978532e-03   3.9690471e-04   2.2103927e-05   7.9413191e-06   8.4975252e-07   9.7781613e-07
   1.1517380e-01   4.5719653e-01   2.9386176e-03   2.4039723e-03   4.3125118e-03   2.5524594e-03   8.8811619e-05   1.7524326e-06   6.5171436e-07   5.7639652e-07
   1.7415129e-01   1.3825337e-01   9.2228542e-03   4.1746263e-02   5.8312493e-04   1.9286032e-04   4.3608488e-05   1.8053232e-06   9.1861358e-07   7.6630469e-07
   1.3119797e-02   1.6029345e-02   1.8108367e-02   4.2467268e-03   3.9530143e-04   2.5771354e-04   8.2299914e-05   2.0146514e-05   8.8872869e-07   7.1228144e-07
   1.0973349e-01   4.1707514e-03   3.8281466e-02   2.3094164e-03   5.7839320e-03   3.4676696e-04   1.8906552e-04   5.4156795e-06   6.0273431e-07   5.9492144e-07
   4.2132367e-02   5.2449849e-02   4.0987850e-02   1.3953709e-03   1.3988430e-03   4.5301021e-04   4.3954587e-04   3.6931011e-06   7.0822163e-07   6.4473127e-07
   6.3289212e-01   1.4974320e-03   3.0205652e-02   1.6638390e-02   3.1505780e-03   1.1356951e-03   1.7039546e-05   1.6858003e-05   9.3753080e-07   5.8325763e-07
   1.6316298e-02   6.7437701e-02   7.6262010e-03   1.6570750e-01   9.8898589e-04   2.7537963e-03   8.9140132e-06   2.4087996e-06   1.1026650e-06   8.3426285e-07
   4.9893742e-01   1.1475883e-02   7.8458902e-02   5.4144454e-03   1.9236441e-03   6.7490387e-04   5.2427804e-05   1.2817806e-05   9.4156844e-07   8.2634373e-07
   1.2996168e-01   1.0000513e-02   2.7377362e-02   2.3024450e-02   3.4607819e-03   2.9285079e-02   5.7572843e-06   3.0986931e-06   7.1572867e-07   7.9436925e-07
   2.5680711e-01   6.3550627e-02   4.5280639e-02   3.4093759e-02   6.5564553e-03   1.6142449e-03   2.8781485e-05   2.8248481e-06   8.5882498e-07   7.0001473e-07
   2.2072862e-01   4.0376888e-02   8.0115751e-02   4.3404734e-03   8.5568423e-03   1.2055025e-04   1.2646741e-04   5.3529099e-05   7.5241737e-07   7.2849040e-07
   3.5649219e-02   1.9030582e-01   1.2328497e-02   2.9109689e-03   4.5790123e-04   7.5453700e-03   3.5930839e-04   1.2070882e-06   6.7743332e-07   7.2117450e-07
   2.1717161e-02   4.2395516e-01   1.9240400e-02   8.5861434e-03   2.4531276e-03   2.7485212e-02   5.3888637e-04   1.1998731e-06   8.4059707e-07   8.5245084e-07
   3.8463153e-02   1.1370802e-02   1.7368536e-02   3.3842294e-02   7.2679024e-04   7.7176207e-04   3.3949128e-05   1.7681179e-05   9.8688489e-07   7.2828155e-07
   3.2055494e-02   8.5271581e-01   1.7811431e-02   7.6691440e-03   5.6679251e-04   1.7218084e-03   1.0106777e-04   5.7040639e-06   7.5416763e-07   6.2146760e-07
   6.5075150e-02   5.6417561e-02   2.0667158e-02   3.6443291e-03   1.5993449e-03   6.6961278e-04   1.1890651e-04   4.2608009e-06   6.7016618e-07   9.5675492e-07
   1.1797850e-01   1.8734042e-02   1.3586231e-02   4.8647368e-03   1.0576186e-03   2.7901040e-03   4.1830496e-04   6.3814779e-06   6.8322379e-07   9.2565411e-07
   1.5535581e-01   1.8236173e-02   2.1559345e-02   4.8342866e-03   7.0795854e-03   1.2823286e-03   6.7393853e-05   2.7219322e-06   9.0560715e-07   6.4695851e-07
   5.0897183e-02   1.9519251e-02   4.3915543e-02   2.1742105e-03   1.7962680e-03   8.8740107e-04   1.0003634e-03   1.3135497e-06   4.8568392e-07   1.0956087e-06
   6.9481208e-02   8.8060271e-03   1.1823837e-03   2.6649645e-03   3.0579080e-04   6.3766498e-04   2.7509095e-05   1.8291236e-06   5.7860948e-07   6.6216147e-07
   3.7110045e-01   1.9257981e-02   2.3773277e-02   2.2858373e-03   1.2166564e-02   8.6953592e-03   1.2944216e-04   3.2091191e-06   8.8848941e-07   9.3772029e-07
   1.2571735e-01   2.5243541e-02   7.6490988e-02   1.9214238e-03   1.2763608e-03   1.0467830e-03   3.5099312e-05   5.0189086e-05   8.6676267e-07   6.6284700e-07
   4.5481890e-02   1.5342607e-01   9.2136971e-03   1.6227869e-02   6.0992205e-03   3.4343727e-04   5.4076478e-05   3.0240059e-06   7.5526258e-07   5.6585244e-07
   5.9165511e-02   1.5230661e-01   1.9074554e-02   1.6662704e-03   1.9206630e-03   6.1938825e-05   2.5077274e-04   5.7261743e-06   6.5135200e-07   7.0216563e-07
   6.8796618e-02   7.6999690e-02   6.7820460e-03   1.0154659e-01   3.7645926e-03   4.3842157e-04   3.3722770e-05   3.6636637e-06   6.0552930e-07   9.2682709e-07
   2.9269733e-02   2.3446347e-02   1.5267075e-01   1.1670854e-03   1.1453494e-03   1.1135287e-03   3.7388909e-05   2.0920876e-06   9.6573392e-07   6.1596350e-07
   4.1992904e-02   2.7935729e-01   6.0833553e-03   6.4559359e-03   3.1938597e-04   4.4500917e-05   1.0418736e-04   1.9730492e-06   8.0856562e-07   8.1129858e-07
   1.8418542e-02   4.7915696e-01   6.0282305e-02   1.1792978e-02   1.3482289e-03   2.0140711e-03   7.2746431e-05   3.0656398e-06   8.4840126e-07   6.3229833e-07
   2.9511627e-02   5.5660562e-02   3.0822587e-03   2.8233996e-03   1.8414318e-03   2.2638064e-03   5.4312975e-05   1.4587187e-06   6.9432285e-07   9.0876722e-07
   5.2185762e-02   7.8585205e-03   5.5778063e-02   3.1009454e-02   1.6817812e-03   7.8473677e-04   7.0172161e-05   1.6324177e-04   7.1818910e-07   1.0483908e-06
   3.0821416e-01   2.3403026e-02   1.2505004e-02   7.5130004e-04   3.5444069e-04   6.6002093e-04   8.0567348e-05   3.6024481e-06   7.4913162e-07   6.9603621e-07
   8.5692412e-02   5.7608387e-02   5.6003222e-02   2.8730489e-01   2.7702322e-03   1.1265380e-03   2.7144092e-05   2.9837790e-06   5.5314417e-07   7.5433663e-07
   2.5682071e-01   2.0237258e-02   5.7328021e-02   5.7463219e-01   4.5104541e-04   7.1637201e-04   8.1308187e-05   8.1763308e-05   5.9007320e-07   6.5240044e-07
   8.8731502e-02   1.4676536e-02   1.0077058e-02   7.6811167e-03   6.3181721e-03   7.0453999e-02   6.5766909e-05   7.4663750e-05   9.4463966e-07   6.8520180e-07
   1.0877721e+00   6.0562590e-02   1.9839500e-02   2.3551985e-02   3.1850517e-02   5.6149905e-03   5.6366886e-05   9.7727738e-06   6.1737159e-07   8.2590615e-07
   8.6279273e-01   6.2509764e-02   1.3230446e-02   1.5139279e-02   1.5233463e-02   4.3608489e-04   6.6535400e-05   9.6309449e-07   5.9706162e-07   8.4301146e-07
   3.3263086e-02   2.2508848e-02   1.3393194e-01   5.0520205e-03   5.1542848e-04   4.5953497e-04   4.6845133e-05   1.4495379e-05   5.9782702e-07   7.7428736e-07
   8.3268674e-02   1.1638582e-01   2.3665221e-02   1.3814831e-02   3.3990961e-04   1.5424775e-03   9.0621276e-06   2.1710569e-06   5.9892100e-07   6.2358972e-07
   3.6314605e-02   2.7795795e-02   3.3581290e-02   6.5799195e-03   3.4412631e-03   6.2609388e-04   2.8524454e-05   4.7133795e-06   8.7989372e-07   9.8463975e-07
   4.7638792e-01   2.8150758e-01   5.1343480e-03   1.6538128e-02   6.0830536e-03   5.8401036e-03   6.1836378e-04   3.6751710e-06   9.0504383e-07   6.4977515e-07
   2.7048050e-02   9.1394612e-02   2.0079775e-02   5.2865492e-03   2.7781562e-03   5.8921596e-04   2.3598608e-04   8.6527407e-06   8.5182296e-07   6.3598577e-07
   7.1159401e-02   9.7619907e-03   1.5446207e-02   3.1660873e-03   1.5692936e-03   1.6968151e-04   2.9165377e-05   1.7630778e-06   7.1826683e-07   5.1281646e-07
   5.1093824e-02   6.0892201e-03   1.1664081e-02   1.1537845e-02   4.6577781e-03   1.0183151e-03   4.7916909e-05   1.8397916e-06   6.5391326e-07   8.9829207e-07
   9.5707521e-02   1.2797676e-01   2.7450734e-03   2.1547465e-03   1.1350213e-02   1.3468504e-03   1.4830175e-05   1.2364391e-05   6.1963475e-07   5.9887064e-07
   1.6856997e-02   4.4994662e-02   1.1228094e+00   8.0419363e-03   1.0335966e-03   1.3491188e-03   8.1514182e-03   2.8859389e-06   7.9595563e-07   8.0828411e-07
   9.3014381e-02   6.3159551e-01   3.5705297e-03   6.6556803e-03   5.8281485e-04   1.4830373e-02   6.5827308e-05   3.0302676e-06   6.2616919e-07   6.7206165e-07
   1.7293992e+00   7.4473605e-03   1.7428084e-02   3.7134246e-03   1.3871164e-01   1.0525055e-04   2.0858075e-03   3.5136366e-06   9.0636780e-07   8.0621160e-07
   2.2832939e-01   1.8156409e-01   4.7610311e-03   1.4021774e-03   3.6614209e-03   2.0905498e-04   1.1115012e-03   9.1638919e-06   5.3615172e-07   8.4351434e-07
   1.3282083e-01   6.4600308e-02   7.3195687e-03   5.0846336e-01   3.1323345e-04   6.2040937e-02   5.5808191e-03   4.8183332e-06   5.6334777e-07   9.8322983e-07
   1.8559075e-01   1.2419718e-02   1.0409852e-02   2.0035971e-03   4.8476803e-03   3.5633883e-03   5.7663275e-05   6.8058504e-06   8.8710770e-07   6.2560255e-07
   7.7852172e-03   3.7558000e-03   5.0185951e-03   1.8780367e-03   7.4873303e-04   1.1295267e-04   1.6268782e-05   6.6596775e-06   8.4404558e-07   5.3475652e-07
   4.5611293e-01   2.1530406e-02   1.2569876e-02   5.1421357e-02   1.4911065e-03   1.6456318e-03   3.6094997e-04   3.2116479e-06   1.3586141e-06   6.2965929e-07
   1.9895485e+00   5.9430522e-03   2.4361185e-02   5.3934681e-02   1.5050630e-03   1.3343592e-04   9.3253599e-05   2.1940985e-05   9.7940482e-07   8.1007121e-07
   7.4881053e-02   2.7221797e-02   8.0784787e-02   9.0651137e-01   3.4093071e-02   5.9598040e-03   1.0523495e-04   6.4446852e-05   6.7571960e-07   7.0306839e-07
   6.5807445e-02   7.1469113e-02   6.7103229e-03   6.0653850e-03   8.6970461e-04   7.7719703e-05   4.8872391e-05   1.2991458e-06   7.8599710e-07   6.9760078e-07
   4.4087373e-02   3.8829235e-02   5.0768168e-01   3.7843331e-03   1.1071713e-02   6.2604526e-05   6.6103042e-04   2.8530785e-05   5.7631184e-07   6.7439216e-07
